uppu-01.csv0
0
0
0
0
0
0
0.3086187
0.73413986
0.70948595
0.70506
0.58722365
0.78411794
0.62645787
0.65020275
0.72304547
0.8591043
0.6969697
0.9921918
0.7654095
0.602486
0.6009193
0.7834118
0.44590405
0.55500096
0.7160567
3.9405704
2.1698945
2.719415
1.4404799
0.49457467
0.77858055
0.62087804
0.6143684
0.9320473
0.57786816
0.5059394
0.5167794
0.70429724
0.4274368
0.5995346
0.48671123
0.5748095
0.5163891
0.74503064
0.45166937
0.44334564
0.45838836
0.5681001
0.63032556
0.587286
0.62790275
0.5593727
0.66035545
0.70419234
0.58881676
0.72687805
0.6650151
0.81561536
0.58580625
0.6207446
0.65049213
0.48621714
0.47160977
0.72174907
0.56760836
0.57390183
0.5349439
0.66557896
1.1651142
2.764818
0.6313689
0.51306075
0.62508583
0.55696785
0.5807329
0.5099895
0.6722016
0.9276724
0.57969254
0.555325
0.6093853
0.8302467
0.6683487
0.6013783
0.61194164
0.4810388
0.55575943
0.582271
0.59113735
0.6447537
0.7264853
0.79295516
1.309829
1.4134939
2.880537
2.3594005
0.935306
1.2023044
1.1379873
0.7017237
0.5931469
0.5004016
0.49777904
0.5151852
0.57281506
0.5295242
0.49966574
0.5647241
0.9666258
0.5751437
0.7074742
0.66899246
0.59113836
0.6426747
0.68087125
1.1188656
0.7592779
0.8652746
2.9206603
0.9462045
0.93789184
0.7401461
0.5945252
0.69723415
0.604163
0.7930438
0.7005113
0.81352955
0.7317368
0.8217138
0.6476084
0.63593996
0.6013506
0.5894122
0.58955175
0.6503345
0.56535083
0.5767579
0.587024
0.6105642
0.61914235
0.7549738
0.5685964
0.5590673
0.6927742
0.6692504
0.7786043
0.57755923
0.62784535
0.7196618
0.5669733
0.6833261
0.8126091
0.6545531
0.6717652
0.5834037
0.64421725
0.58026993
0.652625
0.70204973
0.6327354
0.6106729
0.6089915
0.61175334
0.58268905
0.72725093
0.77415365
0.74856025
0.5813255
0.5416535
0.6215917
0.5412829
0.5702344
0.592821
0.633482
0.61397094
0.57849866
0.60709655
0.73133475
0.70141476
0.7938827
0.6710488
0.90651315
0.7283081
0.65680933
0.6416154
0.6247028
0.7107085
0.70314765
0.6407533
0.5853705
0.61671394
0.5601392
0.5939222
0.60546225
0.6224326
0.6261414
0.51943874
0.58654135
0.67274636
0.79617983
0.82714254
0.7518835
0.7157739
0.77574885
0.5808199
0.59348935
0.64679074
0.63461304
0.63359255
0.61348385
0.66289514
0.59720784
0.6241217
0.70744216
0.6705807
0.7203972
0.80921
0.74519426
0.70208305
0.60126084
0.689529
0.7423129
0.73025763
0.69463956
0.6775079
0.6557112
0.6425021
0.64168227
0.5874531
0.5637384
0.60601723
0.6694353
0.6589779
0.70059896
0.8400649
0.8506816
1.2318418
0.7574517
0.6360652
0.63678706
0.63952684
0.82185924
0.7962207
0.6125391
0.7178469
0.78249025
0.80882597
0.6458083
0.71929353
0.6010131
0.73473483
0.7125564
0.7549664
0.8262002
0.7148784
0.67492634
0.8002972
0.67130387
0.7124698
0.7006687
0.57250065
0.6877643
0.6687409
0.6805885
0.73654133
0.7169969
0.6722414
0.61419916
0.6401685
0.611499
0.6280139
0.5958778
0.6033697
0.63966316
0.6449043
0.6853363
0.61720276
0.63273495
0.6240641
0.7579301
0.6994634
0.8627295
0.88575953
0.69258285
0.66311055
0.58565146
0.5942447
0.6278917
0.79214597
0.7243504
0.7444577
0.64105123
0.63703895
0.71749496
0.67275923
0.75410384
0.78577197
0.91153634
0.77310634
0.64993536
0.7387923
0.83226407
0.92262524
0.8194634
0.80733687
0.78386337
0.66160214
0.737821
0.7578224
0.6449326
0.6612881
0.6439072
0.63725865
0.62998843
0.7061277
0.73170215
0.6567821
0.72166705
0.6158228
0.63896525
0.63234794
0.7101125
0.7219349
0.7251728
0.7315853
0.64093125
0.6470964
0.6481316
0.7239254
0.76083523
0.69912595
0.9037415
0.71795243
0.7236432
0.6308095
0.6708188
0.6929554
0.66629773
0.66618
0.6960741
0.6486081
0.6710912
0.6089733
0.72454643
0.8156832
0.8479818
0.7581637
0.80321807
0.82365286
0.86463845
0.761907
0.73787594
0.6761593
0.71970886
0.6783089
0.6708283
0.6831197
0.6598542
0.6549618
0.7032301
0.7590032
0.71347547
0.79737
0.78036654
0.7921442
0.72592014
0.69975793
0.70023125
0.6866745
0.66074216
0.6759227
0.6732856
0.7400197
0.67671454
0.67645186
0.65769225
0.60171586
0.6819138
0.67042094
0.697716
0.75627255
0.6963143
0.71528465
0.7318764
0.6887229
0.6943487
0.6793627
0.697348
0.7799199
0.78227985
0.7819199
0.729819
0.6980798
0.76335865
0.848793
0.8712812
0.73932874
0.7520979
0.8109078
0.72506917
0.64868027
0.67061245
0.65888184
0.7468685
0.7257523
0.8720482
0.8005315
0.8164135
0.79513425
0.79435456
0.8238766
0.8521325
1.1749275
0.624784
0.773606
0.9805551
0.82708323
0.8541224
0.82111675
0.76820904
0.78771657
0.9714473
0.8855021
0.7815954
0.77473533
0.7770308
0.8017546
0.75773376
0.76193696
0.7308545
0.7711697
0.6620869
0.647713
0.6785677
0.7369887
0.7720701
0.6997693
0.79979193
0.8365134
1.0433627
0.85670865
0.92857546
1.0666088
0.76214784
0.83662647
0.67131674
0.67526954
0.686222
0.65055263
0.6520804
0.68297726
0.7117366
0.7337843
0.7199599
0.87142724
0.79263645
0.7300728
0.691199
0.65180296
0.6823981
0.7324053
0.7453444
0.7296563
0.7637438
0.76623154
0.7467319
0.7533865
0.7440644
0.8039102
0.7917988
0.7448717
0.7423159
0.7114472
0.7245067
0.76001775
0.7052696
0.7453348
0.74294114
0.8158251
0.78061026
0.7517613
0.7422435
0.7763737
0.7315888
0.7412677
0.77613586
0.8141542
0.75212103
0.8357622
0.84344614
0.85579306
0.7843258
0.78180146
0.8265511
0.95482224
0.8539526
0.77171195
0.7852089
0.7534243
0.78164953
0.81717426
0.7961795
0.8580544
0.8191177
0.8958954
0.83610296
0.76422405
0.79863614
0.8227328
0.83229667
0.8019193
0.7924021
0.8393407
0.7355881
0.79600865
0.8004231
0.7714937
0.77119786
0.8070981
0.7898245
0.75029296
0.7497531
0.7653347
0.77219325
0.80023545
0.8675957
0.8981561
0.7978797
0.8042191
0.89063644
0.8284
0.87681013
0.8859357
0.84425974
0.8363359
0.87412846
0.8182838
0.9595907
1.0187546
0.93976444
1.1344346
0.94045544
0.892636
1.0468509
0.9887177
0.9015732
1.187793
0.86929345
0.8120025
0.79075897
0.81506914
0.78459233
0.75049454
0.798714
0.80026263
0.7860084
0.7495691
0.7838159
0.7882937
0.80196226
0.82941204
0.775445
0.8444024
0.81893444
0.7932731
0.82526994
0.7917007
0.8096456
0.8517903
0.82105315
0.9277322
0.8497252
0.8851077
0.8451514
0.8517001
0.8976822
0.8915777
0.81934804
0.80463845
0.79653203
0.841435
0.7878342
0.72173125
0.77947545
0.83049285
0.793473
0.79035515
0.80371755
0.77847743
0.80135274
0.7553216
0.75912255
0.81035113
0.8372324
0.8050963
0.88677776
0.86136866
0.8570049
0.86651826
0.8628576
0.86947215
0.9509828
0.8657957
0.8181243
0.8532471
0.8120743
0.8671692
0.812537
0.86891246
0.8154416
0.8823613
0.8238438
0.8378428
0.78620106
0.80268764
0.73039174
0.791419
0.78209484
0.84368634
0.8794605
0.8824041
0.80415773
0.88581276
0.7663858
0.8458992
0.7859942
0.77768284
0.79106975
0.8971196
0.8166511
0.8276574
0.80850506
0.7975316
0.8380787
0.84342366
0.9196119
0.9376331
0.8468677
1.0340533
0.86625826
0.84713686
0.7932134
0.8091629
0.9042569
0.86997646
0.8783377
0.8151663
0.82219344
0.81990194
0.84001195
0.9649109
0.8428717
0.8107388
0.7684176
0.8428366
0.8115192
0.8136336
0.7997964
0.8277208
0.84335846
0.7901437
0.8655832
0.9172157
0.8598184
0.7794966
0.7341672
0.75267607
0.76182103
0.7446522
0.93059397
0.88710314
0.81340224
0.84480906
0.73522156
0.736964
0.7400249
0.76051754
0.73221326
0.75875986
0.79977065
0.78425586
0.819579
0.89387566
0.84160715
0.8934873
0.9051753
0.81565934
0.82273436
0.8820018
0.7528252
0.7236474
0.7145159
0.73582006
0.758445
0.76409703
0.7415719
0.7476163
0.8041573
0.79545707
0.8701924
0.7851929
0.7820209
0.74884766
0.7664545
0.8054044
0.7788133
0.79456717
0.8157484
0.8274431
0.90387106
0.8108399
0.81062347
0.8175321
0.80811423
0.78332895
0.7975237
0.8393419
0.75800043
0.76508677
0.82709134
0.81904596
0.83912796
0.84450984
0.83095014
0.78662604
0.8411416
0.8716841
0.94353634
0.96127987
1.006238
0.92275953
0.95423734
0.8851974
0.89794886
0.87022984
0.92068857
0.92169887
0.8352246
0.86163527
0.9472519
0.84601134
0.8675385
0.8799721
0.8098448
0.7484394
0.795069
0.84288603
0.8703815
0.8439967
0.84044
0.9395123
0.8437835
0.851202
0.84816337
0.81205493
0.8175684
0.82937676
0.8759694
0.9353988
0.7992969
0.8879922
0.84344345
0.8164849
0.81300163
0.80411536
0.8147023
0.79692525
0.8520108
0.8217482
0.7835945
0.8425005
0.85456276
0.84521437
0.77538955
0.79901963
0.83898884
0.85755485
0.79853404
0.8304149
0.87645406
0.9392761
0.8615113
0.86896557
0.8928973
0.9196768
0.8166419
0.8707001
0.89113826
0.9464218
0.8239298
0.97968185
0.98487806
0.91246533
0.8407738
0.8256022
0.8345513
0.85803014
0.8410291
0.9186534
0.9219589
0.8295058
0.93407667
0.91463494
0.8792143
0.73170847
0.79222935
0.7607241
0.78776926
0.7841979
0.8283045
0.79244506
0.76325005
0.78990984
0.7876199
0.82086504
0.76381296
0.77831286
0.719546
0.75532615
0.7715141
0.74652773
0.79037493
0.7992579
0.8434383
0.8274398
1.0316128
0.78896
0.7477883
0.7459279
0.74052453
0.77635163
0.8242834
0.9455396
0.8654645
0.73582333
0.78146166
0.79901224
1.1427228
0.900634
0.8304137
0.7417107
0.7444372
0.6776472
0.7291613
0.6762307
0.6310202
0.67797786
0.65104276
0.69963276
0.71662945
0.6876961
0.67458093
0.7294852
0.67701447
0.6823095
0.6116091
0.64598244
0.6814462
0.62427986
0.66571766
0.70516807
0.7332379
0.6609801
0.65412766
0.68485284
0.69373226
0.8129659
0.7352655
0.72280765
0.7249354
0.67245775
0.69125503
0.67556673
0.73518836
0.6889558
0.8028169
0.862997
0.8572452
0.7516502
0.74075276
0.82119215
0.9492077
0.89695424
0.7433622
0.71217585
0.79831505
0.9215627
0.8055492
0.72781503
0.7418888
0.7730234
0.7980312
0.7562707
0.89212483
0.77274173
0.7408116
0.70170957
0.62625384
0.6538861
0.7718603
0.7286641
0.7366707
0.8057284
0.69520825
0.8898987
0.74289113
0.90818286
0.82506216
0.6561461
0.7775206
0.9269949
0.8809076
0.7597075
0.67432094
0.6464452
0.8253043
1.0069788
0.7180156
0.76900554
1.0374588
0.7190033
0.8230683
1.1605842
0.8613548
1.185647
0.64509946
0.6862179
0.7918921
0.8252597
0.766157
0.70560783
0.791222
0.8357431
0.61904013
0.72347426
0.6075745
0.6946013
0.5987082
0.6261743
0.62968963
0.66519725
0.8315542
0.93729997
0.78903973
0.81138265
0.7769473
0.58772373
0.58014584
0.65366435
0.742524
0.6652354
0.80821025
0.994713
0.8931658
0.6251601
0.8827792
1.0529202
1.1866752
1.4912567
0.91496146
0.6417473
0.73373914
0.62341875
0.62784976
0.5794838
0.64106774
0.65833277
0.60706514
0.6221181
0.65919465
0.85916656
0.72516686
0.7403052
0.63189274
0.72888875
0.643526
0.68540317
0.65340644
0.61069196
0.5965622
0.6282656
0.77685076
0.750188
0.60798746
0.61472243
0.67252964
0.60797143
0.69670874
0.8937855
0.70419693
1.1086662
0.5827862
0.7261449
0.634214
0.6590649
0.58475393
0.700125
0.8179116
0
0
0
0
0
0
0
0.3086187
0.73413986
0.70948595
0.70506
0.58722365
0.78411794
0.62645787
0.65020275
0.72304547
0.8591043
1.4411147
0.9921918
0.7654095
0.6426755
0.6259102
0.8118689
0.44590405
0.5996438
0.735766
3.9541116
2.1782882
2.7260363
1.4475874
0.52593327
0.787651
0.3728712
0.39738268
0.61173403
0.37087345
0.28371513
0.37163934
0.4009019
0.35808694
0.44260404
0.33478346
0.3398668
0.30433205
0.36736026
0.38543004
0.36672494
0.37431857
0.44718203
0.41098225
0.48611993
0.5392748
0.48633662
0.6420472
0.73135906
0.5138571
0.48842117
0.59626687
0.7945292
0.56561446
0.54746056
0.5522399
0.5436048
0.545896
0.67811835
0.57315755
0.5605477
0.49287093
0.6018583
1.1031003
2.7173524
0.52791077
0.4688756
0.56729287
0.49517095
0.4976585
0.47769263
0.64120376
0.8872651
0.5421371
0.54751146
0.56825894
0.7978351
0.61973006
0.5557798
0.59770256
0.4902888
0.56328505
0.51631224
0.5531125
0.5675971
0.7004084
0.7583192
1.3069608
1.3925976
2.853249
2.3388908
0.93039745
1.1784025
0.70036703
0.5889225
0.58869135
0.5439858
0.5249331
0.556907
0.58864623
0.5604786
0.53987885
0.594318
0.9622112
0.56136936
0.7015837
0.67553055
0.6244172
0.5605599
0.6735641
1.0416471
0.6954089
0.84185326
2.885743
0.91020876
0.91489846
0.7064035
0.60957843
0.6368448
0.61315453
0.7109718
0.63943595
0.78755814
0.7506134
0.80026305
0.60017234
0.65304846
0.6205859
0.59305936
0.617352
0.6491779
0.55968153
0.5704967
0.538903
0.5948261
0.5778872
0.7169684
0.56080073
0.5812547
0.6952284
0.6719496
0.7845935
0.5917698
0.60871154
0.7282218
0.58039665
0.6017789
0.7812697
0.61755544
0.6778296
0.55989224
0.64120173
0.53813905
0.68619734
0.6677417
0.6126978
0.5844755
0.591153
0.60811925
0.5916144
0.6837996
0.7662106
0.74590456
0.5786672
0.521079
0.57711905
0.5589523
0.5796258
0.5795985
0.63850725
0.6364303
0.57281226
0.6197719
0.72235143
0.7009154
0.739395
0.64553404
0.8839288
0.68621594
0.61905587
0.6147566
0.62558985
0.6783216
0.6983183
0.5897954
0.55425596
0.5539265
0.5500574
0.56200147
0.5516084
0.58812606
0.61421126
0.5390925
0.5602347
0.6749922
0.7854435
0.821075
0.7484299
0.70989114
0.7358092
0.5654427
0.5625107
0.60914683
0.62311375
0.61504996
0.57556725
0.6329194
0.5732239
0.58972114
0.66479266
0.59893614
0.7028076
0.79400384
0.7056451
0.66263795
0.63840514
0.67681664
0.68265766
0.71847266
0.6543023
0.63695675
0.62405866
0.61365944
0.5822807
0.552909
0.5450796
0.55413544
0.6366731
0.6284916
0.6126536
0.7808145
0.82046086
1.2014536
0.70172143
0.5598495
0.5823241
0.57215446
0.7904325
0.74021304
0.59281355
0.68590975
0.71458715
0.7235698
0.57364756
0.6192945
0.5246719
0.68367255
0.65487427
0.6916376
0.7838959
0.65993315
0.66376984
0.75532186
0.6467424
0.69095546
0.66008776
0.55899495
0.62289435
0.5817353
0.62174404
0.6738781
0.66085535
0.62002146
0.5768666
0.60331565
0.58652854
0.5761317
0.5624812
0.565088
0.57382727
0.5696742
0.6091826
0.56374687
0.58136845
0.6056116
0.7299944
0.6383809
0.82600343
0.82872665
0.65241146
0.6064831
0.5600492
0.5988889
0.5970132
0.7276711
0.6688472
0.68296725
0.5902356
0.5723275
0.63016224
0.602838
0.70814043
0.73974943
0.8547908
0.7668575
0.5822295
0.6783281
0.799012
0.8745911
0.77516454
0.7097442
0.7114335
0.6027468
0.69546354
0.7220302
0.57139057
0.5950662
0.5801268
0.6112408
0.57453924
0.60959446
0.66412765
0.59244114
0.6663709
0.5418847
0.60670304
0.5410049
0.65009886
0.6346671
0.65494615
0.6860385
0.5871469
0.6088891
0.6122074
0.64584136
0.6999213
0.6454159
0.82572764
0.6375033
0.67946374
0.5503658
0.6065638
0.62125665
0.57862204
0.58958274
0.6255215
0.5771955
0.5941137
0.5728882
0.6744636
0.7685054
0.7713608
0.70987517
0.7519675
0.79376143
0.80545455
0.7024358
0.6871435
0.6258896
0.70690155
0.6349696
0.5478155
0.6248593
0.5709389
0.59105885
0.6300428
0.68919605
0.6355941
0.7165595
0.70567477
0.71343774
0.654459
0.6106436
0.60406584
0.633294
0.601824
0.62224644
0.6158614
0.6602347
0.6236025
0.61092603
0.6077449
0.5732005
0.64692694
0.6539888
0.6638701
0.6634311
0.66637236
0.67310005
0.7371635
0.68211263
0.69831014
0.66620183
0.6924401
0.7139471
0.75016594
0.7305888
0.7224705
0.69235307
0.7626101
0.5875194
0.68753165
0.65479285
0.6835099
0.71726865
0.641151
0.6328742
0.6351783
0.676135
0.71897715
0.6743296
0.8099662
0.75252813
0.76909715
0.75028026
0.74561787
0.7709093
0.8290817
1.1214477
0.6636503
0.7289808
0.573114
0.5581594
0.5742374
0.61322236
0.6355259
0.68018365
0.81925863
0.72751516
0.675453
0.65435535
0.68670195
0.7257546
0.66406673
0.6709998
0.6925741
0.6915836
0.5959304
0.5964497
0.6269059
0.6938281
0.7015126
0.59219676
0.7439416
0.7339545
0.94158286
0.7901671
0.8727127
1.0195049
0.7014701
0.7665473
0.5883662
0.5807705
0.61934733
0.57063776
0.5825594
0.5908561
0.6085619
0.6664507
0.659587
0.8268663
0.7168869
0.6473079
0.57498884
0.5625449
0.59435487
0.58615625
0.6083766
0.596056
0.6523888
0.6332457
0.614207
0.6346261
0.6352264
0.7031699
0.67243254
0.6011932
0.6175954
0.6044846
0.5790798
0.6522035
0.585054
0.6431799
0.66654825
0.71413666
0.6497943
0.6356353
0.6238076
0.6522233
0.6009791
0.6374189
0.6529923
0.67567843
0.6201193
0.7005062
0.7116957
0.71181226
0.5478939
0.587127
0.6728676
0.822465
0.6846863
0.5951604
0.616622
0.5983751
0.6212133
0.6476005
0.6595571
0.72805613
0.6984246
0.7831049
0.7273154
0.6616803
0.64698195
0.7037164
0.6714281
0.6889127
0.6459783
0.7236879
0.6035955
0.62119335
0.64562154
0.624775
0.6216831
0.6664468
0.63603663
0.62259674
0.56453097
0.6297656
0.608785
0.60964036
0.6778744
0.7555635
0.6759573
0.682524
0.7170063
0.6857181
0.7303082
0.7372005
0.70017755
0.70062566
0.72756237
0.6792344
0.790609
0.8831065
0.83721924
1.0214165
0.71561337
0.73620313
0.8506057
0.834377
0.73731506
1.032719
0.71960574
0.6882356
0.646845
0.6510634
0.62959534
0.6156913
0.6294956
0.6414224
0.63713735
0.67241395
0.6751302
0.69708884
0.7028805
0.7171614
0.64393514
0.62542754
0.6289029
0.68693334
0.7251791
0.7377904
0.68816566
0.7660918
0.8055116
0.8634915
0.80046266
0.8431801
0.80204964
0.8008821
0.82651544
0.7946463
0.7699658
0.7470278
0.7248781
0.7775149
0.7264333
0.5074624
0.61621577
0.6540761
0.6130386
0.57678974
0.6353582
0.65090126
0.6810174
0.66426027
0.6777675
0.693107
0.71986985
0.70166385
0.766241
0.7607278
0.73005337
0.70214236
0.7146832
0.7225159
0.8389637
0.73559415
0.5876844
0.6595796
0.63019913
0.6722177
0.59820205
0.6714601
0.6382704
0.6809021
0.642428
0.69115204
0.6521404
0.67324
0.6168666
0.6431988
0.59665143
0.69845223
0.7555174
0.8049233
0.72302955
0.80599886
0.7369415
0.79365873
0.71100503
0.6684379
0.57456857
0.731557
0.6989911
0.7184355
0.72885036
0.7068917
0.7522236
0.72630715
0.81133413
0.8535126
0.77786976
0.98054385
0.80244964
0.72663736
0.7314568
0.7485637
0.8264894
0.7723835
0.78332376
0.54322904
0.6488702
0.61534333
0.69490033
0.8396511
0.694403
0.63322544
0.61060315
0.6770931
0.692227
0.6753415
0.6449267
0.71546495
0.68465775
0.70120084
0.7486975
0.8263872
0.7726354
0.64350665
0.628845
0.6275761
0.6813135
0.6211478
0.7985967
0.78701854
0.69566303
0.73327446
0.6087148
0.62612504
0.6410161
0.6607263
0.63682574
0.6047949
0.62356335
0.65210676
0.68908805
0.7730437
0.7385941
0.7614093
0.76651776
0.7000257
0.6926166
0.74545497
0.6349365
0.5912973
0.58703744
0.5957322
0.6078536
0.59795594
0.62195086
0.6398576
0.6322861
0.6452015
0.7442374
0.618086
0.65071386
0.6048204
0.630024
0.6603354
0.63944083
0.6435635
0.6769702
0.6846319
0.7981399
0.6991427
0.70976263
0.6791243
0.6427936
0.55028117
0.6375558
0.72882
0.6490957
0.6930515
0.7070017
0.7533624
0.7386129
0.7406817
0.7734092
0.70593154
0.76536816
0.7888832
0.84329706
0.8711819
0.91178495
0.81374717
0.8776113
0.79897285
0.68061984
0.69944954
0.75546366
0.7727732
0.7126849
0.7667921
0.8623906
0.77442825
0.8023821
0.8288976
0.76150775
0.7267902
0.7093651
0.8022274
0.8109165
0.7505169
0.7912626
0.89629865
0.7784543
0.7922073
0.58020264
0.6237742
0.6237428
0.62839407
0.69501054
0.7751606
0.6640509
0.7007326
0.6371596
0.67172205
0.6544107
0.64198446
0.6753805
0.62968385
0.67701447
0.6873265
0.63660914
0.7089484
0.6950617
0.7126743
0.6594804
0.65870994
0.6957444
0.7151265
0.6789356
0.6873742
0.7552168
0.7897053
0.7369068
0.75582886
0.75047183
0.8093533
0.71395314
0.72938704
0.7928547
0.85178286
0.70905155
0.86534643
0.8659118
0.78546447
0.67082006
0.67128104
0.6926857
0.73724973
0.69931436
0.7506268
0.78951746
0.7019691
0.839478
0.80914587
0.8222513
0.6454491
0.7200912
0.62383187
0.7116278
0.6632069
0.7190275
0.67423993
0.6058445
0.64010507
0.6766446
0.6091527
0.60611326
0.6102775
0.60045695
0.63973564
0.697653
0.6924131
0.7167597
0.71139383
0.78254986
0.7840804
1.0094029
0.76211256
0.7220929
0.73763883
0.712583
0.7201589
0.7860822
0.89161605
0.840966
0.6855867
0.7095309
0.7329984
1.1257721
0.8188964
0.7651787
0.6980593
0.71010786
0.68317556
0.6755904
0.63740146
0.6074622
0.65302795
0.6322863
0.625309
0.67831165
0.65329504
0.6412025
0.66171426
0.62942076
0.65717137
0.62132084
0.59321076
0.58283323
0.60685635
0.62486404
0.60483426
0.6681603
0.59809434
0.6261377
0.64190537
0.6415141
0.7037957
0.6180175
0.6417368
0.6714008
0.5999268
0.60703
0.621418
0.6793799
0.5968243
0.75545704
0.8197824
0.82132214
0.70596516
0.66529375
0.7799855
0.91139483
0.8125583
0.69017035
0.6569581
0.7933031
0.86399376
0.75819653
0.65494317
0.661046
0.6960792
0.72603494
0.71844864
0.84097856
0.69256526
0.6610946
0.61000156
0.57300824
0.60905313
0.7194555
0.66291934
0.6992287
0.72974795
0.6805986
0.8352695
0.70969397
0.8976209
0.7485573
0.6058185
0.717007
0.83554006
0.8376877
0.71836746
0.63931924
0.60535735
0.7745457
0.89708364
0.6646209
0.7452056
0.9980135
0.687199
0.74688417
1.1018695
0.81378764
1.1463975
0.57840705
0.6252895
0.6947905
0.7671666
0.7144693
0.6713671
0.73583823
0.7443766
0.5780449
0.6598911
0.46284175
0.47213164
0.45675567
0.49730983
0.521925
0.531875
0.7226956
0.852335
0.6299405
0.69221234
0.5657482
0.5184692
0.5414152
0.5863335
0.6864137
0.6227211
0.7889448
0.9430803
0.8567406
0.62493694
0.82250017
0.9624993
1.1477528
1.4601308
0.8770634
0.6076153
0.6898274
0.55378175
0.5565013
0.55803233
0.57500255
0.5520694
0.56812847
0.5740179
0.588243
0.6772763
0.63309354
0.62351584
0.58226585
0.5778444
0.5469614
0.54318815
0.52160835
0.52265763
0.48683685
0.5365469
0.65755856
0.6558472
0.52268165
0.54608697
0.5348222
0.51869684
0.62283325
0.780997
0.65285516
1.017795
0.52925974
0.6302012
0.4872441
0.51421165
0.51889807
0.5188487
0.57365394
0
0
0
0
0
0
0
0.3086187
0.73413986
0.70948595
0.70506
0.58722365
0.78411794
0.62645787
0.65020275
0.72304547
0.8591043
1.4411147
0.9921918
0.7654095
0.602486
0.6009193
0.7834118
0.44590405
0.55500096
0.7160567
3.9405704
2.1698945
2.719415
1.4404799
0.4997848
0.787651
0.47430477
0.51472104
0.716653
0.49909395
0.36896813
0.4978162
0.43242094
0.41022348
0.5188839
0.4365016
0.41576034
0.41076672
0.46465012
0.43399644
0.40845826
0.35449478
0.47312504
0.41471335
0.4888006
0.48933196
0.53930587
0.6422105
0.70432746
0.49376833
0.54222393
0.57027906
0.7618116
0.51909554
0.56775683
0.5351026
0.48906222
0.4687396
0.6193043
0.48547742
0.5011455
0.4458647
0.6134788
1.1276504
2.7354996
0.60119873
0.42784995
0.59814733
0.4790357
0.55209327
0.4798681
0.65412
0.9085416
0.58435583
0.58054376
0.6020307
0.8655842
0.6670667
0.6334635
0.6101232
0.4080414
0.54475236
0.5190275
0.61893356
0.5676139
0.6518777
0.76643735
1.2989548
1.4004756
2.8530498
2.3544853
0.9440205
1.1699666
1.1151611
0.6703674
0.5336674
0.5330915
0.5671605
0.5775532
0.5962667
0.4942275
0.46526322
0.5790633
0.92415535
0.5201957
0.68795705
0.62925774
0.56240755
0.6207139
0.6737966
1.0961529
0.71917176
0.84784174
2.9295697
0.96061736
0.92013776
0.70232666
0.5581519
0.65790474
0.5991988
0.74595326
0.67352295
0.7761173
0.72118986
0.782873
0.6112583
0.60485756
0.5676103
0.56565183
0.58881545
0.64404744
0.52715546
0.568638
0.5732331
0.64049965
0.6142343
0.7350312
0.5368118
0.5472897
0.66343856
0.63262635
0.7781312
0.57116324
0.62603366
0.71158314
0.5743218
0.6332606
0.7632861
0.6416996
0.6725917
0.53546596
0.62413865
0.5441356
0.6601917
0.6685194
0.5838297
0.5785901
0.59317046
0.594388
0.5455872
0.6864723
0.7801216
0.79620486
0.5873279
0.51157844
0.60211396
0.48107082
0.54137987
0.5416588
0.6136232
0.58559096
0.55188197
0.5774331
0.70882434
0.69501376
0.76907146
0.6510745
0.8903851
0.6870668
0.60496753
0.64017564
0.5919082
0.66005737
0.66762596
0.6329808
0.5527782
0.63267004
0.54330546
0.57727367
0.57318485
0.6143611
0.6368828
0.52032334
0.5423795
0.64347047
0.77071077
0.797688
0.73913914
0.6750391
0.7334671
0.5503322
0.57831043
0.6026833
0.6254619
0.5863056
0.56836355
0.6232261
0.57809657
0.6229995
0.6930259
0.6807445
0.7171049
0.8044474
0.7207133
0.68110603
0.6208279
0.6804854
0.7330763
0.73147535
0.6990196
0.6614804
0.6572068
0.6285805
0.62617934
0.55635184
0.546617
0.5942713
0.6529625
0.6296728
0.65319294
0.8248898
0.82532454
1.2366804
0.7411364
0.6200868
0.62866634
0.63367337
0.8022941
0.78569806
0.6096487
0.71269375
0.77236414
0.7443893
0.60487
0.68769884
0.5656446
0.7023211
0.68924946
0.7117917
0.8224872
0.6841747
0.66961724
0.8052895
0.65312916
0.7157813
0.7206618
0.56298554
0.6961845
0.65611655
0.68019855
0.73761135
0.7177802
0.6693536
0.5817669
0.60979396
0.6100165
0.6093778
0.5726953
0.59688574
0.61658716
0.6136347
0.6583254
0.5887217
0.6167759
0.61615103
0.7204442
0.65040773
0.84201074
0.846527
0.6568059
0.6477774
0.5558483
0.6086181
0.6133726
0.80270314
0.7120973
0.7543481
0.6487407
0.62867653
0.6843324
0.6414024
0.71560967
0.72753334
0.8928085
0.765774
0.6294198
0.69764364
0.8022625
0.9015286
0.791483
0.79245347
0.7754053
0.649442
0.704132
0.74658227
0.6374049
0.6532074
0.6263689
0.61803687
0.5974946
0.67063046
0.6881968
0.6210217
0.73722965
0.60253394
0.6140258
0.6107328
0.6894365
0.7030573
0.6925872
0.7151776
0.59169567
0.6420616
0.6318363
0.72131115
0.76348
0.6547093
0.87939835
0.6636805
0.68432796
0.60006666
0.64823073
0.6939995
0.6546306
0.63906676
0.6704866
0.64628077
0.66483533
0.6056715
0.6927358
0.7915903
0.8379683
0.7363659
0.7679906
0.8012733
0.83983064
0.7372647
0.7160975
0.65412515
0.6778788
0.63837284
0.61320657
0.68488795
0.63001734
0.60436034
0.6766028
0.70396864
0.6840644
0.77393275
0.77136153
0.7535591
0.70345014
0.66222113
0.6585169
0.6541657
0.653491
0.6518435
0.64470035
0.6911615
0.6440514
0.670644
0.63024014
0.6096003
0.6508722
0.6577382
0.6727812
0.6914842
0.66552323
0.6827965
0.7228229
0.66669947
0.66815275
0.63828796
0.6725111
0.7299251
0.7422491
0.7404633
0.7238255
0.660354
0.7373706
0.8271409
0.85307
0.72895986
0.74459654
0.78431624
0.71603686
0.6458555
0.6299801
0.6419614
0.71195644
0.674061
0.841725
0.7800953
0.79060256
0.76558805
0.7543936
0.7839351
0.8359955
1.1639458
0.62610865
0.74347836
0.9692083
0.8323307
0.82973707
0.8125829
0.7276436
0.7631381
0.9527095
0.8573115
0.7393063
0.7347849
0.74655515
0.7703145
0.7229119
0.73241335
0.70172936
0.7492723
0.66473055
0.63298947
0.66848266
0.74289113
0.7670977
0.69131356
0.7913463
0.8136017
1.0238984
0.82431126
0.911193
1.0728112
0.7265556
0.8273546
0.6575985
0.6439075
0.67395514
0.61366963
0.63173354
0.63776505
0.6654369
0.7060427
0.6941708
0.8653944
0.79782134
0.69240034
0.6740777
0.6251464
0.63256556
0.6929257
0.70677924
0.7001779
0.7280376
0.7206542
0.70780766
0.7315975
0.68977463
0.7933779
0.7578716
0.70950264
0.7167724
0.6818327
0.6947622
0.7202483
0.6742282
0.6913958
0.7175378
0.7815564
0.7546743
0.7343467
0.7218053
0.76090187
0.71269697
0.7402942
0.7437829
0.80009633
0.73328894
0.80409175
0.8245107
0.83162767
0.74396205
0.7341126
0.7832646
0.9318754
0.8062375
0.7066702
0.76928705
0.71798724
0.74195856
0.7720375
0.7442207
0.83033425
0.7832303
0.86418563
0.7983111
0.7372654
0.7597646
0.7898076
0.7897006
0.7894465
0.74039716
0.8217224
0.7252425
0.76410705
0.7992748
0.7712047
0.75839627
0.78889537
0.7594246
0.7231754
0.685324
0.73790896
0.74720424
0.80694926
0.8679636
0.86982757
0.79891557
0.7903842
0.8880363
0.85067636
0.88616616
0.87486404
0.82392454
0.8166569
0.8700822
0.81209624
0.92276055
0.990961
0.93948394
1.1103153
0.9240554
0.87436384
1.0150238
0.9815318
0.89325726
1.176152
0.8493639
0.827565
0.7982092
0.8075309
0.799866
0.72120047
0.76408285
0.76573294
0.7246417
0.7242897
0.7254256
0.7590351
0.7563643
0.83146733
0.76374674
0.7877666
0.78088945
0.7555196
0.82857066
0.7925625
0.7836605
0.84415036
0.83604
0.93291163
0.8775172
0.8648933
0.83939904
0.8565702
0.87615556
0.8580878
0.81711733
0.78964686
0.7940442
0.84086925
0.7611434
0.7172995
0.7502003
0.79157233
0.7749015
0.7322804
0.8177918
0.7814657
0.8100397
0.77664614
0.76112586
0.78924537
0.82130903
0.8037893
0.8743816
0.8451238
0.82942235
0.8211206
0.8311028
0.8517483
0.9111066
0.81805104
0.805965
0.84911394
0.776307
0.8395073
0.7627226
0.85533965
0.8123781
0.87198555
0.8114712
0.83588815
0.77749527
0.7768064
0.7098005
0.7601652
0.75356954
0.81286013
0.85298866
0.860012
0.7873047
0.87895596
0.7341073
0.80226195
0.7382299
0.70812446
0.73215353
0.8529328
0.75077695
0.79061115
0.75775135
0.7516944
0.7955581
0.7938108
0.85918534
0.9257
0.83527327
1.0099553
0.8516255
0.7937827
0.7607809
0.77934355
0.8666963
0.84370756
0.8311946
0.7741452
0.7788016
0.7697421
0.8335939
0.98265845
0.82982135
0.7674906
0.7726435
0.83249956
0.8160112
0.81344783
0.7858363
0.79665804
0.823667
0.78116804
0.87025005
0.915566
0.8478936
0.7615803
0.72991884
0.7355535
0.7662575
0.7416008
0.9135505
0.8706869
0.7927885
0.80982125
0.6833857
0.6901227
0.6927605
0.72666276
0.68564576
0.73277855
0.7689741
0.7460491
0.7915364
0.8569695
0.82315475
0.8411877
0.86656684
0.8011904
0.8017081
0.87001085
0.7422746
0.68866134
0.6509386
0.6975585
0.68236285
0.69498837
0.6931113
0.71859825
0.75574845
0.75906235
0.8387225
0.74999267
0.75299656
0.68528885
0.7118179
0.75736666
0.7354281
0.7493124
0.78129286
0.7846351
0.8631204
0.7898071
0.7707355
0.75664294
0.75759894
0.7099933
0.75225466
0.7879866
0.72208005
0.73332864
0.7837182
0.77392095
0.78684294
0.7813508
0.79134667
0.74666584
0.777594
0.8441806
0.88023084
0.9206548
0.97244895
0.8905105
0.9283497
0.8764937
0.9044119
0.8514584
0.924924
0.9035023
0.8246184
0.8666182
0.95040464
0.8271072
0.83990747
0.8567969
0.7996169
0.75259787
0.77126676
0.8342037
0.8446628
0.8288267
0.82039064
0.9012313
0.8148001
0.81922734
0.8158637
0.76930267
0.77688676
0.7930825
0.8553847
0.9144747
0.7707394
0.85619634
0.8300091
0.8148358
0.78736335
0.7512095
0.7818455
0.7764103
0.8211863
0.80126405
0.7406285
0.8043377
0.8093091
0.8227206
0.741271
0.800854
0.81098723
0.8446516
0.7961636
0.8408201
0.88554686
0.92857414
0.86395097
0.8827532
0.887532
0.92438424
0.79063916
0.832896
0.8717925
0.9251376
0.826704
0.9672578
0.9541171
0.8743735
0.84498984
0.7775822
0.8344837
0.83597356
0.80873233
0.8849348
0.88924396
0.78004277
0.89632165
0.88666
0.863779
0.6993708
0.76055324
0.7314035
0.74740815
0.7396917
0.77744627
0.73652774
0.71992975
0.7143504
0.7541972
0.78271914
0.70093435
0.72482747
0.6818126
0.7197599
0.74068433
0.7231813
0.7433814
0.76127154
0.8178466
0.8076667
1.0035117
0.7561759
0.72904843
0.73598355
0.745309
0.74768573
0.79759556
0.9136036
0.871965
0.7159739
0.75844395
0.78425944
1.124253
0.87801594
0.8288269
0.720241
0.73386234
0.66839856
0.72048557
0.68688315
0.6091718
0.66665083
0.629602
0.63713723
0.6754696
0.6663656
0.6470462
0.7085318
0.66144806
0.6568894
0.60060537
0.61710006
0.67566484
0.63918257
0.6554198
0.7172007
0.71378165
0.6651781
0.5951363
0.6429728
0.6633197
0.7859031
0.737712
0.69886607
0.68667626
0.65251034
0.6881713
0.67319894
0.73118925
0.68403035
0.7826927
0.83332604
0.85481906
0.7363983
0.71566576
0.79889786
0.9489401
0.87825197
0.7198385
0.70388126
0.77747595
0.91181725
0.7895347
0.7210278
0.7112954
0.76775104
0.7913535
0.7444629
0.8834634
0.75582415
0.7330777
0.701229
0.60573035
0.6409452
0.7935764
0.7131167
0.7275809
0.8091669
0.69595915
0.8876872
0.7399997
0.90817344
0.8209911
0.656478
0.76927567
0.9036961
0.84252024
0.76544106
0.6921444
0.61992115
0.815571
0.9932582
0.71809036
0.7672135
1.0708398
0.71791244
0.8261883
1.1349614
0.8181787
1.1705668
0.6215329
0.6599851
0.78035015
0.80991143
0.76263255
0.71956676
0.7908477
0.83845204
0.59689385
0.7410365
0.5972487
0.6811189
0.6064141
0.6163071
0.62327594
0.63849896
0.83153844
0.9076949
0.7786507
0.81492066
0.7745928
0.66326267
0.5572792
0.6445563
0.7229907
0.6720997
0.7871002
0.99932796
0.89282167
0.6269132
0.8816222
1.031394
1.1828701
1.4824337
0.9414291
0.6698144
0.7513766
0.5794627
0.6674809
0.63601154
0.6412249
0.62675154
0.61607754
0.65023035
0.6594209
0.87612724
0.76965404
0.76874554
0.6464543
0.73362535
0.6774873
0.73357
0.70212597
0.62666005
0.5820119
0.65591383
0.75274193
0.7201311
0.5820283
0.64795476
0.6621138
0.62391406
0.7033671
0.8976293
0.75285983
1.1111495
0.60852563
0.74604017
0.715212
0.66740704
0.5925502
0.69571954
0.77839494
0
0
0
0
0
0
0
0.3086187
0.73413986
0.70948595
0.70506
0.58722365
0.78411794
0.62645787
0.65020275
0.72304547
0.8591043
1.4411147
0.9921918
0.7654095
0.6426755
0.6259102
0.8118689
0.44590405
0.5996438
0.735766
3.9541116
2.1782882
2.7260363
1.4475874
0.52593327
0.787651
0.38407663
0.41232324
0.63675714
0.44240555
0.30896348
0.44306237
0.4681466
0.37115136
0.4445641
0.36681366
0.4158221
0.32925844
0.44206113
0.39034897
0.33449996
0.36155134
0.45841402
0.40708205
0.4524689
0.47299755
0.46860605
0.61770517
0.7213872
0.4723681
0.55704975
0.5855947
0.7448163
0.5027693
0.5926608
0.4905644
0.43690434
0.5231474
0.4999608
0.4718934
0.48626894
0.47364548
0.61975574
1.1353103
2.7143168
0.617792
0.47638497
0.59902835
0.4946012
0.5297187
0.48846054
0.64971155
0.9049052
0.52107537
0.55624413
0.5544293
0.8226165
0.6268372
0.59132373
0.5956312
0.42636076
0.5396702
0.48842496
0.57617426
0.5183993
0.67092556
0.7327083
1.3026625
1.4038175
2.840778
2.370197
0.91459036
1.1755254
1.1088876
0.65525216
0.5529356
0.5302702
0.48180893
0.52385837
0.58956665
0.51252306
0.46167663
0.5741603
0.9091776
0.50437886
0.6656044
0.65525424
0.53690284
0.60742724
0.69457585
1.1201081
0.7685685
0.86041886
2.9145665
0.9609139
0.9452356
0.74151134
0.5857957
0.70037484
0.6162853
0.74340093
0.686687
0.7727196
0.7188144
0.80167705
0.60452455
0.6136524
0.58805454
0.538997
0.60948175
0.6398355
0.53851527
0.58377296
0.56940836
0.5987082
0.6102162
0.74852717
0.5253754
0.5448119
0.6499181
0.61960834
0.7615631
0.59765506
0.6183149
0.6512234
0.5335375
0.6571127
0.7868201
0.6292279
0.69527745
0.5991341
0.621324
0.5736199
0.67124057
0.6603281
0.58689606
0.55941135
0.5510853
0.5819876
0.5327056
0.6673483
0.74207014
0.74170434
0.5664218
0.51235896
0.5634695
0.5077707
0.5816338
0.55417526
0.6116801
0.5903604
0.52657926
0.5675315
0.7050399
0.7026938
0.76864797
0.649589
0.8757232
0.7093394
0.58979005
0.62371874
0.5874109
0.6653186
0.6875864
0.6036754
0.52643913
0.57576513
0.54315305
0.5725232
0.56344306
0.59331805
0.62175155
0.5025803
0.54293567
0.64448136
0.76140183
0.81422645
0.7288699
0.7119431
0.7356123
0.539991
0.58925104
0.5901559
0.5996826
0.5971831
0.5703025
0.63860947
0.56866026
0.60844123
0.6921559
0.64682114
0.70470756
0.8061066
0.7237155
0.6751732
0.6189613
0.6594143
0.7165781
0.7334666
0.6833478
0.64566046
0.6436335
0.62155753
0.60882306
0.57191426
0.5420553
0.5754025
0.6704587
0.665195
0.6585408
0.83756953
0.8091478
1.2200214
0.710556
0.60890657
0.60166097
0.60045445
0.8103822
0.7818095
0.6174273
0.7235162
0.74814457
0.78122175
0.60311174
0.6897298
0.58291966
0.7119778
0.6874804
0.7157159
0.8078316
0.68068385
0.67432404
0.8076121
0.66122353
0.6968431
0.7008539
0.5640677
0.6759493
0.66013515
0.675236
0.7428836
0.7270243
0.6514834
0.5965375
0.63516474
0.6025169
0.63750124
0.59183884
0.58583415
0.6353238
0.63611996
0.6653136
0.58386904
0.62867814
0.601739
0.72018456
0.66768795
0.85370165
0.848913
0.69442713
0.66997075
0.5862194
0.5870896
0.6030539
0.78170335
0.6928897
0.72375
0.6188843
0.6240585
0.6851486
0.6389833
0.7053851
0.7617604
0.9013636
0.7831892
0.6438362
0.75119036
0.79561865
0.9066837
0.80076975
0.79296654
0.79493546
0.66276747
0.74698436
0.7463482
0.6166833
0.64034873
0.6143122
0.6106068
0.60345113
0.67828625
0.7048384
0.63516206
0.7280187
0.57784337
0.5952651
0.61937827
0.69144434
0.68926424
0.69794023
0.69035846
0.5872695
0.6300983
0.63845754
0.7162242
0.7495577
0.6540364
0.89235437
0.6783227
0.6739652
0.5890155
0.6551881
0.6738111
0.6310606
0.6368537
0.6618163
0.63735
0.65543073
0.58643925
0.7026967
0.78619504
0.84801066
0.7518736
0.7910571
0.8200507
0.85831916
0.7595754
0.72429967
0.6638512
0.69773614
0.66672546
0.6125126
0.664044
0.61724937
0.59672755
0.64973843
0.70533496
0.6666153
0.7527122
0.7490443
0.7434736
0.6891409
0.6442524
0.67478424
0.66554326
0.65749806
0.6288242
0.6525558
0.7144646
0.6601673
0.67417777
0.6297145
0.58666325
0.6504553
0.6404705
0.66695493
0.69553274
0.6698773
0.70002425
0.73429817
0.6531633
0.6664009
0.61837965
0.67006445
0.7249626
0.75398636
0.75415945
0.7207432
0.6382961
0.7344619
0.821018
0.8573922
0.7323393
0.7133727
0.78600025
0.69013846
0.6302981
0.6288661
0.6478247
0.7159753
0.68409246
0.84160644
0.77830976
0.7747554
0.7619781
0.7203484
0.7618486
0.7891099
1.1376173
0.61091626
0.7465305
0.9745588
0.81662494
0.825398
0.7789664
0.7067882
0.7430922
0.9358762
0.84168553
0.73311865
0.7246694
0.74648243
0.7591842
0.7109253
0.7272636
0.7161052
0.7478735
0.67463374
0.6372253
0.6620739
0.74066925
0.7591816
0.6896808
0.7907055
0.80347
1.0433965
0.81777126
0.9005852
1.0588493
0.72231257
0.82848454
0.6484324
0.6332585
0.6605122
0.61693513
0.62594736
0.6337637
0.67018044
0.7042314
0.6902512
0.87217546
0.7593331
0.6767075
0.6604268
0.6302666
0.6334678
0.68963015
0.7104088
0.7266081
0.74979216
0.7172973
0.71018314
0.7316938
0.69963044
0.7664439
0.7494358
0.6999193
0.6880812
0.6694225
0.67069674
0.70814764
0.6621019
0.709664
0.7229386
0.77911234
0.73730904
0.7568718
0.73397136
0.7505841
0.70911473
0.735277
0.7442242
0.7793111
0.72674596
0.79261345
0.8191008
0.8469248
0.7642281
0.7726598
0.80582434
0.92418545
0.8115071
0.72019815
0.77056515
0.7332034
0.7454562
0.77462935
0.7438101
0.8197317
0.8049135
0.86878574
0.80817324
0.74794817
0.7650431
0.77282006
0.77105397
0.78459275
0.7215894
0.8088147
0.7178914
0.7608463
0.8144903
0.7861066
0.7621115
0.7901476
0.75532424
0.73172605
0.69496864
0.718701
0.7368459
0.78912103
0.85346836
0.87586373
0.78943944
0.7751234
0.87376827
0.84177226
0.88231575
0.87298054
0.83166647
0.8125063
0.8702193
0.82489544
0.94448155
1.0166816
0.94481725
1.1121553
0.9190866
0.8921349
1.02331
0.9785439
0.87442225
1.1752471
0.864728
0.8176156
0.76883054
0.80128866
0.7873577
0.722591
0.7567472
0.7793331
0.7514738
0.72773474
0.7211985
0.7456006
0.74246216
0.8048794
0.7402511
0.7827577
0.7826299
0.7547503
0.8317457
0.7856813
0.79635984
0.84968495
0.83415055
0.9267693
0.8433231
0.86753637
0.82153845
0.8309164
0.8632505
0.835273
0.80786556
0.7743395
0.7963881
0.835071
0.7466893
0.6902432
0.74313116
0.78369707
0.76366276
0.71813774
0.77974784
0.76981986
0.81826925
0.7704912
0.7736404
0.79867953
0.8201981
0.79294395
0.8635875
0.8369311
0.8280454
0.8283268
0.8253941
0.8374108
0.9233312
0.8141986
0.8154476
0.8619555
0.7821448
0.83309436
0.7471384
0.84514046
0.793599
0.8737714
0.7759279
0.8198336
0.7578865
0.7983375
0.7271904
0.7352666
0.73283356
0.8068643
0.8533132
0.8484725
0.7616312
0.8538772
0.7310088
0.805124
0.74025387
0.7354343
0.7422412
0.8568409
0.7669488
0.8100927
0.76800466
0.75690025
0.79048246
0.7968638
0.87223166
0.9041232
0.8373526
0.9988935
0.84643656
0.7884875
0.7585414
0.7890574
0.86417055
0.8334732
0.82308424
0.7873032
0.77703804
0.77686185
0.8230493
0.9682295
0.85369045
0.77295476
0.767286
0.83857644
0.8096425
0.8070836
0.7719684
0.813226
0.8143664
0.7767617
0.8526954
0.920807
0.85865456
0.7724329
0.73392403
0.73906374
0.7441191
0.72238004
0.9134156
0.87025
0.7803077
0.8230871
0.697585
0.70813906
0.6981884
0.7256349
0.7075512
0.7390679
0.76536876
0.73921466
0.7810974
0.87239116
0.8120272
0.8405114
0.8644461
0.7817153
0.7779567
0.84430873
0.7168405
0.66110647
0.66127545
0.66459674
0.68598515
0.68584466
0.6782562
0.6997314
0.74210787
0.739606
0.83720887
0.73527956
0.74127454
0.6660361
0.717083
0.74902743
0.71767795
0.718426
0.76635873
0.77555954
0.8583367
0.77441216
0.7590619
0.74421805
0.7494726
0.7193519
0.76506793
0.7811502
0.7170007
0.70751303
0.7656906
0.7682649
0.7749395
0.76729834
0.7656087
0.7348376
0.78453916
0.8393581
0.8717633
0.9129484
0.96368855
0.87106234
0.9231778
0.8712657
0.8861496
0.8369395
0.9006521
0.9019436
0.8255782
0.86585826
0.9539153
0.8310931
0.8484214
0.8435213
0.7978319
0.74703616
0.77340126
0.85010266
0.83437085
0.8269004
0.81822836
0.91137755
0.81266075
0.8045786
0.7946034
0.77277607
0.7720932
0.80312884
0.8366454
0.9072585
0.7550075
0.8445242
0.8380979
0.81496805
0.7840221
0.76809907
0.79414016
0.79009223
0.83892393
0.8196556
0.7499002
0.82405686
0.8383974
0.8286584
0.73726594
0.78024834
0.81682557
0.8119556
0.7785733
0.830821
0.87655455
0.8989449
0.85386485
0.8810414
0.88223976
0.90525943
0.76894486
0.8303162
0.8743466
0.93059087
0.82141614
0.952919
0.95386195
0.87877136
0.8131511
0.7702205
0.83394897
0.8332578
0.8194583
0.8664398
0.89591193
0.78173244
0.8927181
0.8875351
0.8574294
0.6818351
0.74281394
0.6997775
0.73982644
0.7084757
0.7722403
0.74120146
0.7224844
0.72103345
0.7589641
0.7962329
0.7191925
0.73592633
0.68119204
0.70933646
0.7403588
0.69434786
0.7315365
0.73932976
0.8016688
0.8068041
1.0148356
0.7475185
0.7195022
0.7420026
0.699521
0.73727375
0.7793773
0.9061812
0.8482225
0.6938752
0.7531904
0.7726099
1.1309731
0.85236794
0.7977373
0.7151045
0.7368104
0.6526701
0.6970626
0.6583404
0.592967
0.65140283
0.6025667
0.6466118
0.66450065
0.6586302
0.6380322
0.6985105
0.64832526
0.6683531
0.58762574
0.6194959
0.66521984
0.61086434
0.6322937
0.6723871
0.6839132
0.623721
0.58941376
0.6438091
0.64864105
0.7600291
0.7036468
0.6739343
0.69916195
0.635263
0.67101806
0.66037166
0.7141149
0.67990613
0.79174566
0.83355564
0.8577137
0.72312504
0.7133928
0.79239035
0.9439021
0.8664216
0.6936122
0.6750045
0.7639882
0.904951
0.7738812
0.7042838
0.71261364
0.76458466
0.7723863
0.74621457
0.8795087
0.75968367
0.7018983
0.69465995
0.59541
0.6336326
0.7647615
0.71711826
0.71399283
0.773304
0.68753546
0.8857844
0.70046866
0.8834203
0.7829367
0.6167851
0.7463301
0.88441014
0.829636
0.76466346
0.6632991
0.59320784
0.7857814
0.97228277
0.70160043
0.7449825
1.0396489
0.6904026
0.79888314
1.144311
0.80569285
1.172407
0.6227564
0.6190227
0.78688854
0.76692414
0.72396845
0.6936434
0.7509481
0.81870157
0.58020705
0.7183527
0.53046584
0.65974355
0.57360846
0.55818236
0.5960125
0.60143065
0.79483587
0.89413404
0.7799172
0.7939874
0.763967
0.56750786
0.534768
0.6360904
0.7169916
0.6286124
0.75179017
0.95738393
0.832501
0.55783534
0.8396671
0.97978634
1.1691722
1.4723223
0.9041341
0.62529725
0.68447566
0.53748524
0.58202094
0.5384653
0.57331586
0.60838705
0.5817814
0.6309918
0.6528063
0.80015063
0.6755708
0.70385945
0.5658503
0.6442765
0.5781122
0.6015938
0.58848506
0.5892025
0.5058102
0.5688672
0.6938641
0.67831945
0.5624783
0.5757499
0.6066044
0.52891463
0.67028743
0.856007
0.6689669
1.0866884
0.52034646
0.66869366
0.5872451
0.5662655
0.4941666
0.5946821
0.6420229
0
0
0
0
0
0
0
0.3086187
0.73413986
0.70948595
0.70506
0.58722365
0.78411794
0.62645787
0.65020275
0.72304547
0.8591043
0.6969697
0.9921918
0.7654095
0.602486
0.6009193
0.7834118
0.44590405
0.55500096
0.7160567
3.9405704
2.1698945
2.719415
1.4404799
0.49457467
0.77858055
0.62087804
0.6143684
0.9320473
0.57786816
0.5059394
0.5167794
0.70429724
0.4274368
0.5995346
0.48671123
0.5748095
0.5163891
0.74503064
0.45166937
0.44334564
0.45838836
0.5681001
0.63032556
0.587286
0.62790275
0.5593727
0.66035545
0.70419234
0.58881676
0.72687805
0.6650151
0.81561536
0.58580625
0.6207446
0.65049213
0.48621714
0.47160977
0.72174907
0.56760836
0.57390183
0.5349439
0.66557896
1.1651142
2.764818
0.6313689
0.51306075
0.62508583
0.55696785
0.5807329
0.5099895
0.6722016
0.9276724
0.57969254
0.555325
0.6093853
0.8302467
0.6683487
0.6013783
0.61194164
0.4810388
0.55575943
0.582271
0.59113735
0.6447537
0.7264853
0.79295516
1.309829
1.4134939
2.880537
2.3594005
0.935306
1.2023044
1.1379873
0.7017237
0.5931469
0.5004016
0.49777904
0.5151852
0.57281506
0.5295242
0.49966574
0.5647241
0.9666258
0.5751437
0.7074742
0.66899246
0.59113836
0.6426747
0.68087125
1.1188656
0.7592779
0.8652746
2.9206603
0.9462045
0.93789184
0.7401461
0.5945252
0.69723415
0.604163
0.7930438
0.7005113
0.81352955
0.7317368
0.8217138
0.6476084
0.63593996
0.6013506
0.5894122
0.58955175
0.6503345
0.56535083
0.5767579
0.587024
0.6105642
0.61914235
0.7549738
0.5685964
0.5590673
0.6927742
0.6692504
0.7786043
0.57755923
0.62784535
0.7196618
0.5669733
0.6833261
0.8126091
0.6545531
0.6717652
0.5834037
0.64421725
0.58026993
0.652625
0.70204973
0.6327354
0.6106729
0.6089915
0.61175334
0.58268905
0.72725093
0.77415365
0.74856025
0.5813255
0.5416535
0.6215917
0.5412829
0.5702344
0.592821
0.633482
0.61397094
0.57849866
0.60709655
0.73133475
0.70141476
0.7938827
0.6710488
0.90651315
0.7283081
0.65680933
0.6416154
0.6247028
0.7107085
0.70314765
0.6407533
0.5853705
0.61671394
0.5601392
0.5939222
0.60546225
0.6224326
0.6261414
0.51943874
0.58654135
0.67274636
0.79617983
0.82714254
0.7518835
0.7157739
0.77574885
0.5808199
0.59348935
0.64679074
0.63461304
0.63359255
0.61348385
0.66289514
0.59720784
0.6241217
0.70744216
0.6705807
0.7203972
0.80921
0.74519426
0.70208305
0.60126084
0.689529
0.7423129
0.73025763
0.69463956
0.6775079
0.6557112
0.6425021
0.64168227
0.5874531
0.5637384
0.60601723
0.6694353
0.6589779
0.70059896
0.8400649
0.8506816
1.2318418
0.7574517
0.6360652
0.63678706
0.63952684
0.82185924
0.7962207
0.6125391
0.7178469
0.78249025
0.80882597
0.6458083
0.71929353
0.6010131
0.73473483
0.7125564
0.7549664
0.8262002
0.7148784
0.67492634
0.8002972
0.67130387
0.7124698
0.7006687
0.57250065
0.6877643
0.6687409
0.6805885
0.73654133
0.7169969
0.6722414
0.61419916
0.6401685
0.611499
0.6280139
0.5958778
0.6033697
0.63966316
0.6449043
0.6853363
0.61720276
0.63273495
0.6240641
0.7579301
0.6994634
0.8627295
0.88575953
0.69258285
0.66311055
0.58565146
0.5942447
0.6278917
0.79214597
0.7243504
0.7444577
0.64105123
0.63703895
0.71749496
0.67275923
0.75410384
0.78577197
0.91153634
0.77310634
0.64993536
0.7387923
0.83226407
0.92262524
0.8194634
0.80733687
0.78386337
0.66160214
0.737821
0.7578224
0.6449326
0.6612881
0.6439072
0.63725865
0.62998843
0.7061277
0.73170215
0.6567821
0.72166705
0.6158228
0.63896525
0.63234794
0.7101125
0.7219349
0.7251728
0.7315853
0.64093125
0.6470964
0.6481316
0.7239254
0.76083523
0.69912595
0.9037415
0.71795243
0.7236432
0.6308095
0.6708188
0.6929554
0.66629773
0.66618
0.6960741
0.6486081
0.6710912
0.6089733
0.72454643
0.8156832
0.8479818
0.7581637
0.80321807
0.82365286
0.86463845
0.761907
0.73787594
0.6761593
0.71970886
0.6783089
0.6708283
0.6831197
0.6598542
0.6549618
0.7032301
0.7590032
0.71347547
0.79737
0.78036654
0.7921442
0.72592014
0.69975793
0.70023125
0.6866745
0.66074216
0.6759227
0.6732856
0.7400197
0.67671454
0.67645186
0.65769225
0.60171586
0.6819138
0.67042094
0.697716
0.75627255
0.6963143
0.71528465
0.7318764
0.6887229
0.6943487
0.6793627
0.697348
0.7799199
0.78227985
0.7819199
0.729819
0.6980798
0.76335865
0.848793
0.8712812
0.73932874
0.7520979
0.8109078
0.72506917
0.64868027
0.67061245
0.65888184
0.7468685
0.7257523
0.8720482
0.8005315
0.8164135
0.79513425
0.79435456
0.8238766
0.8521325
1.1749275
0.624784
0.773606
0.9805551
0.82708323
0.8541224
0.82111675
0.76820904
0.78771657
0.9714473
0.8855021
0.7815954
0.77473533
0.7770308
0.8017546
0.75773376
0.76193696
0.7308545
0.7711697
0.6620869
0.647713
0.6785677
0.7369887
0.7720701
0.6997693
0.79979193
0.8365134
1.0433627
0.85670865
0.92857546
1.0666088
0.76214784
0.83662647
0.67131674
0.67526954
0.686222
0.65055263
0.6520804
0.68297726
0.7117366
0.7337843
0.7199599
0.87142724
0.79263645
0.7300728
0.691199
0.65180296
0.6823981
0.7324053
0.7453444
0.7296563
0.7637438
0.76623154
0.7467319
0.7533865
0.7440644
0.8039102
0.7917988
0.7448717
0.7423159
0.7114472
0.7245067
0.76001775
0.7052696
0.7453348
0.74294114
0.8158251
0.78061026
0.7517613
0.7422435
0.7763737
0.7315888
0.7412677
0.77613586
0.8141542
0.75212103
0.8357622
0.84344614
0.85579306
0.7843258
0.78180146
0.8265511
0.95482224
0.8539526
0.77171195
0.7852089
0.7534243
0.78164953
0.81717426
0.7961795
0.8580544
0.8191177
0.8958954
0.83610296
0.76422405
0.79863614
0.8227328
0.83229667
0.8019193
0.7924021
0.8393407
0.7355881
0.79600865
0.8004231
0.7714937
0.77119786
0.8070981
0.7898245
0.75029296
0.7497531
0.7653347
0.77219325
0.80023545
0.8675957
0.8981561
0.7978797
0.8042191
0.89063644
0.8284
0.87681013
0.8859357
0.84425974
0.8363359
0.87412846
0.8182838
0.9595907
1.0187546
0.93976444
1.1344346
0.94045544
0.892636
1.0468509
0.9887177
0.9015732
1.187793
0.86929345
0.8120025
0.79075897
0.81506914
0.78459233
0.75049454
0.798714
0.80026263
0.7860084
0.7495691
0.7838159
0.7882937
0.80196226
0.82941204
0.775445
0.8444024
0.81893444
0.7932731
0.82526994
0.7917007
0.8096456
0.8517903
0.82105315
0.9277322
0.8497252
0.8851077
0.8451514
0.8517001
0.8976822
0.8915777
0.81934804
0.80463845
0.79653203
0.841435
0.7878342
0.72173125
0.77947545
0.83049285
0.793473
0.79035515
0.80371755
0.77847743
0.80135274
0.7553216
0.75912255
0.81035113
0.8372324
0.8050963
0.88677776
0.86136866
0.8570049
0.86651826
0.8628576
0.86947215
0.9509828
0.8657957
0.8181243
0.8532471
0.8120743
0.8671692
0.812537
0.86891246
0.8154416
0.8823613
0.8238438
0.8378428
0.78620106
0.80268764
0.73039174
0.791419
0.78209484
0.84368634
0.8794605
0.8824041
0.80415773
0.88581276
0.7663858
0.8458992
0.7859942
0.77768284
0.79106975
0.8971196
0.8166511
0.8276574
0.80850506
0.7975316
0.8380787
0.84342366
0.9196119
0.9376331
0.8468677
1.0340533
0.86625826
0.8471372
0.7932134
0.8091629
0.9042569
0.8699775
0.8783377
0.8151762
0.82219344
0.81990194
0.84001195
0.9649109
0.8428717
0.8107388
0.7684176
0.8428366
0.8115192
0.8136336
0.7997964
0.8277208
0.84335846
0.7901437
0.8655832
0.9172157
0.8598184
0.7794966
0.7341672
0.75267607
0.76182103
0.7446522
0.93059397
0.88710314
0.81340224
0.84480906
0.73522156
0.736964
0.7400249
0.76051754
0.73221326
0.75875986
0.79977065
0.78425586
0.8199783
0.89387566
0.84160715
0.8934948
0.9051753
0.81565934
0.82273436
0.8820018
0.7528252
0.7236474
0.7145159
0.73582006
0.758445
0.76409703
0.7415719
0.7476163
0.8041573
0.79545707
0.8701924
0.7851929
0.7820209
0.74884766
0.7664545
0.8054044
0.7788133
0.79456717
0.8157484
0.8274431
0.90387106
0.8108399
0.81062347
0.8175321
0.80811423
0.78332895
0.7975237
0.8393419
0.75800043
0.76508677
0.82709134
0.81904596
0.8389076
0.84450984
0.83095014
0.78662604
0.8411416
0.8716841
0.94353634
0.96127987
1.006238
0.92275953
0.95423734
0.8851974
0.89794886
0.87022984
0.92068857
0.92169887
0.8352246
0.86163527
0.94667906
0.84601134
0.8675385
0.8799721
0.8098448
0.7484394
0.795069
0.84288603
0.8703815
0.8439967
0.84044
0.9395123
0.8437835
0.851202
0.84816337
0.81205493
0.8175684
0.82937676
0.8759694
0.9353988
0.7992969
0.8879922
0.84344345
0.8164849
0.81300163
0.80411536
0.8147023
0.79692525
0.8520108
0.8217482
0.7835945
0.8425005
0.85456276
0.84521437
0.77538955
0.79901963
0.83898884
0.85755485
0.79853404
0.8304149
0.87645406
0.9392761
0.8615113
0.86896557
0.8928973
0.9196768
0.8166419
0.8707001
0.89113826
0.9464218
0.8239298
0.97968185
0.98487806
0.91246533
0.8407738
0.8256022
0.8345513
0.85803014
0.8410291
0.9186534
0.9219589
0.8295058
0.93407667
0.91463494
0.8792143
0.73170847
0.79222935
0.7607241
0.78776926
0.7841979
0.8283045
0.79244506
0.76325005
0.78990984
0.7876199
0.82086504
0.76381296
0.77831286
0.719546
0.75532615
0.7715141
0.74652773
0.79037493
0.7992579
0.8434383
0.8274398
1.0316128
0.78896
0.7477883
0.7459279
0.74052453
0.77635163
0.8242834
0.9455396
0.8654645
0.73582333
0.78146166
0.79901224
1.1427228
0.900634
0.8304137
0.7417107
0.7444372
0.6776472
0.7291626
0.6762307
0.6310202
0.67797786
0.65104276
0.69963276
0.71662945
0.6876961
0.67458093
0.7294852
0.67701447
0.6823095
0.6116091
0.64598244
0.6814462
0.62427986
0.66571766
0.70516807
0.7332379
0.6609801
0.65412766
0.68485284
0.69373226
0.8129659
0.7352655
0.72280765
0.7249354
0.67245775
0.69125503
0.67556673
0.73518836
0.6889558
0.8028169
0.862997
0.8572452
0.7516502
0.74075276
0.82119215
0.9492077
0.89695424
0.7433622
0.71217585
0.79831505
0.9215627
0.8055492
0.72781503
0.7418888
0.7730234
0.7980312
0.7562707
0.89212483
0.77274173
0.7408116
0.70170957
0.62625384
0.6538861
0.7718603
0.7286641
0.7366707
0.8057284
0.69520825
0.8898987
0.74289113
0.90818286
0.82506216
0.6561461
0.7775206
0.9269949
0.8809076
0.7597075
0.67432094
0.6464452
0.8253043
1.0069788
0.7180156
0.76900554
1.0374588
0.7190033
0.8230683
1.1605842
0.8613548
1.185647
0.64509946
0.6862179
0.7918921
0.8252597
0.766157
0.70560783
0.791222
0.8357431
0.61904013
0.72347426
0.6075745
0.6946013
0.5987082
0.6261743
0.62968963
0.66519725
0.8315542
0.93729997
0.78903973
0.81138265
0.7769473
0.58772373
0.58014584
0.65366435
0.742524
0.6652354
0.80821025
0.994713
0.8931658
0.6251601
0.8827792
1.0529202
1.1866752
1.4912567
0.91496146
0.6417473
0.73373914
0.62341875
0.62784976
0.5794838
0.64106774
0.65833277
0.60706514
0.6221181
0.65919465
0.85916656
0.72516686
0.7403052
0.63189274
0.72888875
0.643526
0.68540317
0.65340644
0.61069196
0.5965622
0.6282656
0.77685076
0.750188
0.60798746
0.61472243
0.67252964
0.60797143
0.69670874
0.8937855
0.70419693
1.1086662
0.5827862
0.7261449
0.634214
0.6590649
0.58475393
0.700125
0.8179116
0
0
0
0
0
0
0
0.3086187
0.73413986
0.70948595
0.70506
0.58722365
0.78411794
0.62645787
0.65020275
0.72304547
0.8591043
0.6969697
0.9921918
0.7654095
0.602486
0.6009193
0.7834118
0.44590405
0.55500096
0.7160567
3.9405704
2.1698945
2.719415
1.4404799
0.49457467
0.77858055
0.62087804
0.6143684
0.9320473
0.57786816
0.5059394
0.5167794
0.70429724
0.4274368
0.5995346
0.48671123
0.5748095
0.5163891
0.74503064
0.45166937
0.44334564
0.45838836
0.5681001
0.63032556
0.587286
0.62790275
0.5593727
0.66035545
0.70419234
0.58881676
0.72687805
0.6650151
0.81561536
0.58580625
0.6207446
0.65049213
0.48621714
0.47160977
0.72174907
0.56760836
0.57390183
0.5349439
0.66557896
1.1651142
2.764818
0.6313689
0.51306075
0.62508583
0.55696785
0.5807329
0.5099895
0.6722016
0.9276724
0.57969254
0.555325
0.6093853
0.8302467
0.6683487
0.6013783
0.61194164
0.4810388
0.55575943
0.582271
0.59113735
0.6447537
0.7264853
0.79295516
1.309829
1.4134939
2.880537
2.3594005
0.935306
1.2023044
1.1379873
0.7017237
0.5931469
0.5004016
0.49777904
0.5151852
0.57281506
0.5295242
0.49966574
0.5647241
0.9666258
0.5751437
0.7074742
0.66899246
0.59113836
0.6426747
0.68087125
1.1188656
0.7592779
0.8652746
2.9206603
0.9462045
0.93789184
0.7401461
0.5945252
0.69723415
0.604163
0.7930438
0.7005113
0.81352955
0.7317368
0.8217138
0.6476084
0.63593996
0.6013506
0.5894122
0.58955175
0.6503345
0.56535083
0.5767579
0.587024
0.6105642
0.61914235
0.7549738
0.5685964
0.5590673
0.6927742
0.6692504
0.7786043
0.57755923
0.62784535
0.7196618
0.5669733
0.6833261
0.8126091
0.6545531
0.6717652
0.5834037
0.64421725
0.58026993
0.652625
0.70204973
0.6327354
0.6106729
0.6089915
0.61175334
0.58268905
0.72725093
0.77415365
0.74856025
0.5813255
0.5416535
0.6215917
0.5412829
0.5702344
0.592821
0.633482
0.61397094
0.57849866
0.60709655
0.73133475
0.70141476
0.7938827
0.6710488
0.90651315
0.7283081
0.65680933
0.6416154
0.6247028
0.7107085
0.70314765
0.6407533
0.5853705
0.61671394
0.5601392
0.5939222
0.60546225
0.6224326
0.6261414
0.51943874
0.58654135
0.67274636
0.79617983
0.82714254
0.7518835
0.7157739
0.77574885
0.5808199
0.59348935
0.64679074
0.63461304
0.63359255
0.61348385
0.66289514
0.59720784
0.6241217
0.70744216
0.6705807
0.7203972
0.80921
0.74519426
0.70208305
0.60126084
0.689529
0.7423129
0.73025763
0.69463956
0.6775079
0.6557112
0.6425021
0.64168227
0.5874531
0.5637384
0.60601723
0.6694353
0.6589779
0.70059896
0.8400649
0.8506816
1.2318418
0.7574517
0.6360652
0.63678706
0.63952684
0.82185924
0.7962207
0.6125391
0.7178469
0.78249025
0.80882597
0.6458083
0.71929353
0.6010131
0.73473483
0.7125564
0.7549664
0.8262002
0.7148784
0.67492634
0.8002972
0.67130387
0.7124698
0.7006687
0.57250065
0.6877643
0.6687409
0.6805885
0.73654133
0.7169969
0.6722414
0.61419916
0.6401685
0.611499
0.6280139
0.5958778
0.6033697
0.63966316
0.6449043
0.6853363
0.61720276
0.63273495
0.6240641
0.7579301
0.6994634
0.8627295
0.88575953
0.69258285
0.66311055
0.58565146
0.5942447
0.6278917
0.79214597
0.7243504
0.7444577
0.64105123
0.63703895
0.71749496
0.67275923
0.75410384
0.78577197
0.91153634
0.77310634
0.64993536
0.7387923
0.83226407
0.92262524
0.8194634
0.80733687
0.78386337
0.66160214
0.737821
0.7578224
0.6449326
0.6612881
0.6439072
0.63725865
0.62998843
0.7061277
0.73170215
0.6567821
0.72166705
0.6158228
0.63896525
0.63234794
0.7101125
0.7219349
0.7251728
0.7315853
0.64093125
0.6470964
0.6481316
0.7239254
0.76083523
0.69912595
0.9037415
0.71795243
0.7236432
0.6308095
0.6708188
0.6929554
0.66629773
0.66618
0.6960741
0.6486081
0.6710912
0.6089733
0.72454643
0.8156832
0.8479818
0.7581637
0.80321807
0.82365286
0.86463845
0.761907
0.73787594
0.6761593
0.71970886
0.6783089
0.6708283
0.6831197
0.6598542
0.6549618
0.7032301
0.7590032
0.71347547
0.79737
0.78036654
0.7921442
0.72592014
0.69975793
0.70023125
0.6866745
0.66074216
0.6759227
0.6732856
0.7400197
0.67671454
0.67645186
0.65769225
0.60171586
0.6819138
0.67042094
0.697716
0.75627255
0.6963143
0.71528465
0.7318764
0.6887229
0.6943487
0.6793627
0.697348
0.7799199
0.78227985
0.7819199
0.729819
0.6980798
0.76335865
0.848793
0.8712812
0.73932874
0.7520979
0.8109078
0.72506917
0.64868027
0.67061245
0.65888184
0.7468685
0.7257523
0.8720482
0.8005315
0.8164135
0.79513425
0.79435456
0.8238766
0.8521325
1.1749275
0.624784
0.773606
0.9805551
0.82708323
0.8541224
0.82111675
0.76820904
0.78771657
0.9714473
0.8855021
0.7815954
0.77473533
0.7770308
0.8017546
0.75773376
0.76193696
0.7308545
0.7711697
0.6620869
0.647713
0.6785677
0.7369887
0.7720701
0.6997693
0.79979193
0.8365134
1.0433627
0.85670865
0.92857546
1.0666088
0.76214784
0.83662647
0.67131674
0.67526954
0.686222
0.65055263
0.6520804
0.68297726
0.7117366
0.7337843
0.7199599
0.87142724
0.79263645
0.7300728
0.691199
0.65180296
0.6823981
0.7324053
0.7453444
0.7296563
0.7637438
0.76623154
0.7467319
0.7533865
0.7440644
0.8039102
0.7917988
0.7448717
0.7423159
0.7114472
0.7245067
0.76001775
0.7052696
0.7453348
0.74294114
0.8158251
0.78061026
0.7517613
0.7422435
0.7763737
0.7315888
0.7412677
0.77613586
0.8141542
0.75212103
0.8357622
0.84344614
0.85579306
0.7843258
0.78180146
0.8265511
0.95482224
0.8539526
0.77171195
0.7852089
0.7534243
0.78164953
0.81717426
0.7961795
0.8580544
0.8191177
0.8958954
0.83610296
0.76422405
0.79863614
0.8227328
0.83229667
0.8019193
0.7924021
0.8393407
0.7355881
0.79600865
0.8004231
0.7714937
0.77119786
0.8070981
0.7898245
0.75029296
0.7497531
0.7653347
0.77219325
0.80023545
0.8675957
0.8981561
0.7978797
0.8042191
0.89063644
0.8284
0.87681013
0.8859357
0.84425974
0.8363359
0.87412846
0.8182838
0.9595907
1.0187546
0.93976444
1.1344346
0.94045544
0.892636
1.0468509
0.9887177
0.9015732
1.187793
0.86929345
0.8120025
0.79075897
0.81506914
0.78459233
0.75049454
0.798714
0.80026263
0.7860084
0.7495691
0.7838159
0.7882937
0.80196226
0.82941204
0.775445
0.8444024
0.81893444
0.7932731
0.82526994
0.7917007
0.8096456
0.8517903
0.82105315
0.9277322
0.8497252
0.8851077
0.8451514
0.8517001
0.8976822
0.8915777
0.81934804
0.80463845
0.79653203
0.841435
0.7878342
0.72173125
0.77947545
0.83049285
0.793473
0.79035515
0.80371755
0.77847743
0.80135274
0.7553216
0.75912255
0.81035113
0.8372324
0.8050963
0.88677776
0.86136866
0.8570049
0.86651826
0.8628576
0.86947215
0.9509828
0.8657957
0.8181243
0.8532471
0.8120743
0.8671692
0.812537
0.86891246
0.8154416
0.8823613
0.8238438
0.8378428
0.78620106
0.80268764
0.73039174
0.791419
0.78209484
0.84368634
0.8794605
0.8824041
0.80415773
0.88581276
0.7663858
0.8458992
0.7859942
0.77768284
0.79106975
0.8971196
0.8166511
0.8276574
0.80850506
0.7975316
0.8380787
0.84342366
0.9196119
0.9376331
0.8468677
1.0340533
0.86625826
0.84713674
0.79331577
0.8091629
0.9042569
0.86997646
0.8783377
0.8151663
0.82219344
0.81990194
0.84001195
0.96527755
0.8428717
0.8107388
0.7684176
0.8428366
0.8115192
0.8136336
0.7997964
0.8277208
0.84335846
0.7901437
0.8655832
0.9172157
0.8598184
0.7794966
0.7341672
0.75267607
0.76182103
0.7446522
0.93059397
0.88710314
0.81340224
0.84480906
0.73522156
0.736964
0.7400249
0.76051754
0.73221326
0.75875986
0.79977065
0.78425586
0.819579
0.89387566
0.84160715
0.8934873
0.9051753
0.81565934
0.82273436
0.8820018
0.7528252
0.7236474
0.7145159
0.73582006
0.758445
0.76409703
0.7415719
0.7476163
0.8041573
0.79545707
0.8701924
0.7851929
0.7820209
0.74884766
0.7664545
0.8054044
0.7788133
0.79456717
0.8157484
0.8274431
0.90387106
0.8108399
0.81062347
0.8175321
0.80811423
0.78332895
0.7975237
0.8393419
0.75800043
0.76508677
0.82709134
0.81904596
0.8389076
0.84450984
0.83095014
0.78662604
0.8411416
0.8716841
0.94353634
0.96127987
1.006238
0.92275953
0.95423734
0.8851974
0.89794886
0.87022984
0.92068857
0.92169887
0.8352246
0.86163527
0.94667906
0.84601134
0.8675385
0.8799721
0.8098448
0.7484394
0.795069
0.84288603
0.8703815
0.8439967
0.84044
0.9395123
0.8437835
0.851202
0.84816337
0.81205493
0.8175684
0.82937676
0.8759694
0.9353988
0.7992969
0.8879922
0.84344345
0.8164849
0.81300163
0.80411536
0.8147023
0.79692525
0.8520108
0.8217482
0.7835945
0.8425005
0.85456276
0.84521437
0.77538955
0.79901963
0.83898884
0.85755485
0.79853404
0.8304149
0.87645406
0.9392761
0.8615113
0.86896557
0.8928973
0.9196768
0.8166419
0.8707001
0.89113826
0.9464218
0.8239298
0.97968185
0.98487806
0.91246533
0.8407738
0.8256022
0.8345513
0.85803014
0.8410291
0.9186534
0.9219589
0.8295058
0.93407667
0.91463494
0.8792143
0.73170847
0.79222935
0.7607241
0.78776926
0.7841979
0.8283045
0.79244506
0.76325005
0.78990984
0.7876199
0.82086504
0.76381296
0.77831286
0.719546
0.75532615
0.7715141
0.74652773
0.79037493
0.7992579
0.8434383
0.8274398
1.0316128
0.78896
0.7477883
0.7459279
0.74052453
0.77635163
0.8242834
0.9455396
0.8654645
0.73582333
0.78146166
0.79901224
1.1427228
0.900634
0.8304137
0.7417107
0.7444372
0.6776472
0.72913575
0.6762307
0.6310202
0.67797786
0.65104276
0.69963276
0.71662945
0.6876961
0.67458093
0.7294852
0.67701447
0.6823095
0.6116091
0.64598244
0.6814462
0.62427986
0.66571766
0.70516807
0.7332379
0.6609801
0.65412766
0.68485284
0.69373226
0.8129659
0.7352655
0.72280765
0.7249354
0.67245775
0.69125503
0.67556673
0.73518836
0.6889558
0.8028169
0.862997
0.8572452
0.7516502
0.74075276
0.82119215
0.9492077
0.89695424
0.7433622
0.71217585
0.79831505
0.9215627
0.8055492
0.72781503
0.7418888
0.7730234
0.7980312
0.7562707
0.89212483
0.77274173
0.7408116
0.70170957
0.62625384
0.6538861
0.7718603
0.7286641
0.7366707
0.8057284
0.69520825
0.8898987
0.74289113
0.90818286
0.82506216
0.6561461
0.7775206
0.9269949
0.8809076
0.7597075
0.67432094
0.6464452
0.8253043
1.0069788
0.7180156
0.76900554
1.0374588
0.7190033
0.8230683
1.1605842
0.8613548
1.185647
0.64509946
0.6862179
0.7918921
0.8252597
0.766157
0.70560783
0.791222
0.8357431
0.61904013
0.72347426
0.6075745
0.6946013
0.5987082
0.6261743
0.62968963
0.66519725
0.8315542
0.93729997
0.78903973
0.81138265
0.7769473
0.58772373
0.58014584
0.65366435
0.742524
0.6652354
0.80821025
0.994713
0.8931658
0.6251601
0.8827792
1.0529202
1.1866752
1.4912567
0.91496146
0.6417473
0.73373914
0.62341875
0.62784976
0.5794838
0.64106774
0.65833277
0.60706514
0.6221181
0.65919465
0.85916656
0.72516686
0.7403052
0.63189274
0.72888875
0.643526
0.68540317
0.65340644
0.61069196
0.5965622
0.6282656
0.77685076
0.750188
0.60798746
0.61472243
0.67252964
0.60797143
0.69670874
0.8937855
0.70419693
1.1086662
0.5827862
0.7261449
0.634214
0.6590649
0.58475393
0.700125
0.8179116
0
0
0
0
0
0
0
0.3086187
0.73413986
0.70948595
0.70506
0.58722365
0.78411794
0.62645787
0.65020275
0.72304547
0.8591043
0.6969697
0.9921918
0.7654095
0.602486
0.6009193
0.7834118
0.44590405
0.55500096
0.7160567
3.9405704
2.1698945
2.719415
1.4404799
0.49457467
0.77858055
0.62087804
0.6143684
0.9320473
0.57786816
0.5059394
0.5167794
0.70429724
0.4274368
0.5995346
0.48671123
0.5748095
0.5163891
0.74503064
0.45166937
0.44334564
0.45838836
0.5681001
0.63032556
0.587286
0.62790275
0.5593727
0.66035545
0.70419234
0.58881676
0.72687805
0.6650151
0.81561536
0.58580625
0.6207446
0.65049213
0.48621714
0.47160977
0.72174907
0.56760836
0.57390183
0.5349439
0.66557896
1.1651142
2.764818
0.6313689
0.51306075
0.62508583
0.55696785
0.5807329
0.5099895
0.6722016
0.9276724
0.57969254
0.555325
0.6093853
0.8302467
0.6683487
0.6013783
0.61194164
0.4810388
0.55575943
0.582271
0.59113735
0.6447537
0.7264853
0.79295516
1.309829
1.4134939
2.880537
2.3594005
0.935306
1.2023044
1.1379873
0.7017237
0.5931469
0.5004016
0.49777904
0.5151852
0.57281506
0.5295242
0.49966574
0.5647241
0.9666258
0.5751437
0.7074742
0.66899246
0.59113836
0.6426747
0.68087125
1.1188656
0.7592779
0.8652746
2.9206603
0.9462045
0.93789184
0.7401461
0.5945252
0.69723415
0.604163
0.7930438
0.7005113
0.81352955
0.7317368
0.8217138
0.6476084
0.63593996
0.6013506
0.5894122
0.58955175
0.6503345
0.56535083
0.5767579
0.587024
0.6105642
0.61914235
0.7549738
0.5685964
0.5590673
0.6927742
0.6692504
0.7786043
0.57755923
0.62784535
0.7196618
0.5669733
0.6833261
0.8126091
0.6545531
0.6717652
0.5834037
0.64421725
0.58026993
0.652625
0.70204973
0.6327354
0.6106729
0.6089915
0.61175334
0.58268905
0.72725093
0.77415365
0.74856025
0.5813255
0.5416535
0.6215917
0.5412829
0.5702344
0.592821
0.633482
0.61397094
0.57849866
0.60709655
0.73133475
0.70141476
0.7938827
0.6710488
0.90651315
0.7283081
0.65680933
0.6416154
0.6247028
0.7107085
0.70314765
0.6407533
0.5853705
0.61671394
0.5601392
0.5939222
0.60546225
0.6224326
0.6261414
0.51943874
0.58654135
0.67274636
0.79617983
0.82714254
0.7518835
0.7157739
0.77574885
0.5808199
0.59348935
0.64679074
0.63461304
0.63359255
0.61348385
0.66289514
0.59720784
0.6241217
0.70744216
0.6705807
0.7203972
0.80921
0.74519426
0.70208305
0.60126084
0.689529
0.7423129
0.73025763
0.69463956
0.6775079
0.6557112
0.6425021
0.64168227
0.5874531
0.5637384
0.60601723
0.6694353
0.6589779
0.70059896
0.8400649
0.8506816
1.2318418
0.7574517
0.6360652
0.63678706
0.63952684
0.82185924
0.7962207
0.6125391
0.7178469
0.78249025
0.80882597
0.6458083
0.71929353
0.6010131
0.73473483
0.7125564
0.7549664
0.8262002
0.7148784
0.67492634
0.8002972
0.67130387
0.7124698
0.7006687
0.57250065
0.6877643
0.6687409
0.6805885
0.73654133
0.7169969
0.6722414
0.61419916
0.6401685
0.611499
0.6280139
0.5958778
0.6033697
0.63966316
0.6449043
0.6853363
0.61720276
0.63273495
0.6240641
0.7579301
0.6994634
0.8627295
0.88575953
0.69258285
0.66311055
0.58565146
0.5942447
0.6278917
0.79214597
0.7243504
0.7444577
0.64105123
0.63703895
0.71749496
0.67275923
0.75410384
0.78577197
0.91153634
0.77310634
0.64993536
0.7387923
0.83226407
0.92262524
0.8194634
0.80733687
0.78386337
0.66160214
0.737821
0.7578224
0.6449326
0.6612881
0.6439072
0.63725865
0.62998843
0.7061277
0.73170215
0.6567821
0.72166705
0.6158228
0.63896525
0.63234794
0.7101125
0.7219349
0.7251728
0.7315853
0.64093125
0.6470964
0.6481316
0.7239254
0.76083523
0.69912595
0.9037415
0.71795243
0.7236432
0.6308095
0.6708188
0.6929554
0.66629773
0.66618
0.6960741
0.6486081
0.6710912
0.6089733
0.72454643
0.8156832
0.8479818
0.7581637
0.80321807
0.82365286
0.86463845
0.761907
0.73787594
0.6761593
0.71970886
0.6783089
0.6708283
0.6831197
0.6598542
0.6549618
0.7032301
0.7590032
0.71347547
0.79737
0.78036654
0.7921442
0.72592014
0.69975793
0.70023125
0.6866745
0.66074216
0.6759227
0.6732856
0.7400197
0.67671454
0.67645186
0.65769225
0.60171586
0.6819138
0.67042094
0.697716
0.75627255
0.6963143
0.71528465
0.7318764
0.6887229
0.6943487
0.6793627
0.697348
0.7799199
0.78227985
0.7819199
0.729819
0.6980798
0.76335865
0.848793
0.8712812
0.73932874
0.7520979
0.8109078
0.72506917
0.64868027
0.67061245
0.65888184
0.7468685
0.7257523
0.8720482
0.8005315
0.8164135
0.79513425
0.79435456
0.8238766
0.8521325
1.1749275
0.624784
0.773606
0.9805551
0.82708323
0.8541224
0.82111675
0.76820904
0.78771657
0.9714473
0.8855021
0.7815954
0.77473533
0.7770308
0.8017546
0.75773376
0.76193696
0.7308545
0.7711697
0.6620869
0.647713
0.6785677
0.7369887
0.7720701
0.6997693
0.79979193
0.8365134
1.0433627
0.85670865
0.92857546
1.0666088
0.76214784
0.83662647
0.67131674
0.67526954
0.686222
0.65055263
0.6520804
0.68297726
0.7117366
0.7337843
0.7199599
0.87142724
0.79263645
0.7300728
0.691199
0.65180296
0.6823981
0.7324053
0.7453444
0.7296563
0.7637438
0.76623154
0.7467319
0.7533865
0.7440644
0.8039102
0.7917988
0.7448717
0.7423159
0.7114472
0.7245067
0.76001775
0.7052696
0.7453348
0.74294114
0.8158251
0.78061026
0.7517613
0.7422435
0.7763737
0.7315888
0.7412677
0.77613586
0.8141542
0.75212103
0.8357622
0.84344614
0.85579306
0.7843258
0.78180146
0.8265511
0.95482224
0.8539526
0.77171195
0.7852089
0.7534243
0.78164953
0.81717426
0.7961795
0.8580544
0.8191177
0.8958954
0.83610296
0.76422405
0.79863614
0.8227328
0.83229667
0.8019193
0.7924021
0.8393407
0.7355881
0.79600865
0.8004231
0.7714937
0.77119786
0.8070981
0.7898245
0.75029296
0.7497531
0.7653347
0.77219325
0.80023545
0.8675957
0.8981561
0.7978797
0.8042191
0.89063644
0.8284
0.87681013
0.8859357
0.84425974
0.8363359
0.87412846
0.8182838
0.9595907
1.0187546
0.93976444
1.1344346
0.94045544
0.892636
1.0468509
0.9887177
0.9015732
1.187793
0.86929345
0.8120025
0.79075897
0.81506914
0.78459233
0.75049454
0.798714
0.80026263
0.7860084
0.7495691
0.7838159
0.7882937
0.80196226
0.82941204
0.775445
0.8444024
0.81893444
0.7932731
0.82526994
0.7917007
0.8096456
0.8517903
0.82105315
0.9277322
0.8497252
0.8851077
0.8451514
0.8517001
0.8976822
0.8915777
0.81934804
0.80463845
0.79653203
0.841435
0.7878342
0.72173125
0.77947545
0.83049285
0.793473
0.79035515
0.80371755
0.77847743
0.80135274
0.7553216
0.75912255
0.81035113
0.8372324
0.8050963
0.88677776
0.86136866
0.8570049
0.86651826
0.8628576
0.86947215
0.9509828
0.8657957
0.8181243
0.8532471
0.8120743
0.8671692
0.812537
0.86891246
0.8154416
0.8823613
0.8238438
0.8378428
0.78620106
0.80268764
0.73039174
0.791419
0.78209484
0.84368634
0.8794605
0.8824041
0.80415773
0.88581276
0.7663858
0.8458992
0.7859942
0.77768284
0.79106975
0.8971196
0.8166541
0.8276574
0.80850506
0.7975316
0.8380787
0.84342366
0.9196119
0.9376331
0.8468677
1.0340533
0.86625826
0.84713674
0.7932134
0.8091629
0.9042569
0.86997664
0.8783377
0.8151663
0.82219344
0.81990194
0.84001195
0.9649109
0.8428717
0.8107388
0.7684176
0.8428366
0.8115192
0.8136336
0.7997964
0.8277208
0.84335846
0.7901437
0.8655832
0.9172157
0.8598184
0.7794966
0.7341672
0.75267607
0.76182103
0.7446522
0.93059397
0.88710314
0.81340224
0.84480906
0.73522156
0.736964
0.7400249
0.76051754
0.73221326
0.75875986
0.79977065
0.78425586
0.819579
0.89387566
0.84160715
0.89349025
0.9051753
0.81565934
0.82273436
0.8820018
0.7528252
0.7236474
0.7145159
0.73582006
0.758445
0.76409703
0.7415719
0.7476163
0.8041573
0.79545707
0.8701924
0.7851929
0.7820209
0.74884766
0.7664545
0.8054044
0.7788133
0.79456717
0.8157484
0.8274431
0.90387106
0.8108399
0.81062347
0.8175321
0.80811423
0.78332895
0.7975237
0.8393419
0.75800043
0.76508677
0.82709134
0.81904876
0.8389076
0.84450984
0.83095014
0.78662604
0.8411416
0.8716841
0.94353634
0.96127987
1.006238
0.92275953
0.95423734
0.8851974
0.89794934
0.87022984
0.92068857
0.92169887
0.8352246
0.8616365
0.9466825
0.84601134
0.8675385
0.8799721
0.8098448
0.7484394
0.795069
0.84288603
0.8703815
0.8439967
0.84044
0.9395123
0.8437835
0.851202
0.84816337
0.81205493
0.8175684
0.82937676
0.8759694
0.9353988
0.7992969
0.8879922
0.84344345
0.8164849
0.81300163
0.80411536
0.8147023
0.79692525
0.8520108
0.8217482
0.7835945
0.8425005
0.85456276
0.84521437
0.77538955
0.79901963
0.83898884
0.85755485
0.79853404
0.8304149
0.87645406
0.9392761
0.8615113
0.86896557
0.8928973
0.9196768
0.8166419
0.8707001
0.89113826
0.9464218
0.8239298
0.97968185
0.98487806
0.91246533
0.8407738
0.8256022
0.8345513
0.85803014
0.8410291
0.9186534
0.9219589
0.8295058
0.93407667
0.91463494
0.8792143
0.73170847
0.79222935
0.7607241
0.78776926
0.7841979
0.8283045
0.79244506
0.76325005
0.78990984
0.7876199
0.82086504
0.76381296
0.77831286
0.719546
0.75532615
0.7715141
0.74652773
0.79037493
0.7992579
0.8434383
0.8274398
1.0316128
0.78896
0.7477883
0.7459279
0.74052453
0.77635163
0.8242834
0.9455396
0.8654645
0.73582333
0.78146166
0.79901224
1.1427228
0.900634
0.8304137
0.7417107
0.7444372
0.6776472
0.72913575
0.6762307
0.6310202
0.67797786
0.65104276
0.69963276
0.71662945
0.6876961
0.67458093
0.7294852
0.67701447
0.6823095
0.6116091
0.64598244
0.6814462
0.62427986
0.66571766
0.70516807
0.7332379
0.6609801
0.65412766
0.68485284
0.69373226
0.8129659
0.7352655
0.72280765
0.7249354
0.67245775
0.69125503
0.67556673
0.73518836
0.6889558
0.8028169
0.862997
0.8572452
0.7516502
0.74075276
0.82119215
0.9492077
0.89695424
0.7433622
0.71217585
0.79831505
0.9215627
0.8055492
0.72781503
0.7418888
0.7730234
0.7980312
0.7562707
0.89212483
0.77274173
0.7408116
0.70170957
0.62625384
0.6538861
0.7718603
0.7286641
0.7366707
0.8057284
0.69520825
0.8898987
0.74289113
0.90818286
0.82506216
0.6561461
0.7775206
0.9269949
0.8809076
0.7597075
0.67432094
0.6464452
0.8253043
1.0069788
0.7180156
0.76900554
1.0374588
0.7190033
0.8230683
1.1605842
0.8613548
1.185647
0.64509946
0.6862179
0.7918921
0.8252597
0.766157
0.70560783
0.791222
0.8357431
0.61904013
0.72347426
0.6075745
0.6946013
0.5987082
0.6261743
0.62968963
0.66519725
0.8315542
0.93729997
0.78903973
0.81138265
0.7769473
0.58772373
0.58014584
0.65366435
0.742524
0.6652354
0.80821025
0.994713
0.8931658
0.6251601
0.8827792
1.0529202
1.1866752
1.4912567
0.91496146
0.6417473
0.73373914
0.62341875
0.62784976
0.5794838
0.64106774
0.65833277
0.60706514
0.6221181
0.65919465
0.85916656
0.72516686
0.7403052
0.63189274
0.72888875
0.643526
0.68540317
0.65340644
0.61069196
0.5965622
0.6282656
0.77685076
0.750188
0.60798746
0.61472243
0.67252964
0.60797143
0.69670874
0.8937855
0.70419693
1.1086662
0.5827862
0.7261449
0.634214
0.6590649
0.58475393
0.700125
0.8179116
0
0
0
0
0
0
0
0.3086187
0.73413986
0.70948595
0.70506
0.58722365
0.78411794
0.62645787
0.65020275
0.72304547
0.8591043
0.6969697
0.9921918
0.7654095
0.602486
0.6009193
0.7834118
0.44590405
0.55500096
0.7160567
3.9405704
2.1698945
2.719415
1.4404799
0.49457467
0.77858055
0.62087804
0.6143684
0.9320473
0.57786816
0.5059394
0.5167794
0.70429724
0.4274368
0.5995346
0.48671123
0.5748095
0.5163891
0.74503064
0.45166937
0.44334564
0.45838836
0.5681001
0.63032556
0.587286
0.62790275
0.5593727
0.66035545
0.70419234
0.58881676
0.72687805
0.6650151
0.81561536
0.58580625
0.6207446
0.65049213
0.48621714
0.47160977
0.72174907
0.56760836
0.57390183
0.5349439
0.66557896
1.1651142
2.764818
0.6313689
0.51306075
0.62508583
0.55696785
0.5807329
0.5099895
0.6722016
0.9276724
0.57969254
0.555325
0.6093853
0.8302467
0.6683487
0.6013783
0.61194164
0.4810388
0.55575943
0.582271
0.59113735
0.6447537
0.7264853
0.79295516
1.309829
1.4134939
2.880537
2.3594005
0.935306
1.2023044
1.1379873
0.7017237
0.5931469
0.5004016
0.49777904
0.5151852
0.57281506
0.5295242
0.49966574
0.5647241
0.9666258
0.5751437
0.7074742
0.66899246
0.59113836
0.6426747
0.68087125
1.1188656
0.7592779
0.8652746
2.9206603
0.9462045
0.93789184
0.7401461
0.5945252
0.69723415
0.604163
0.7930438
0.7005113
0.81352955
0.7317368
0.8217138
0.6476084
0.63593996
0.6013506
0.5894122
0.58955175
0.6503345
0.56535083
0.5767579
0.587024
0.6105642
0.61914235
0.7549738
0.5685964
0.5590673
0.6927742
0.6692504
0.7786043
0.57755923
0.62784535
0.7196618
0.5669733
0.6833261
0.8126091
0.6545531
0.6717652
0.5834037
0.64421725
0.58026993
0.652625
0.70204973
0.6327354
0.6106729
0.6089915
0.61175334
0.58268905
0.72725093
0.77415365
0.74856025
0.5813255
0.5416535
0.6215917
0.5412829
0.5702344
0.592821
0.633482
0.61397094
0.57849866
0.60709655
0.73133475
0.70141476
0.7938827
0.6710488
0.90651315
0.7283081
0.65680933
0.6416154
0.6247028
0.7107085
0.70314765
0.6407533
0.5853705
0.61671394
0.5601392
0.5939222
0.60546225
0.6224326
0.6261414
0.51943874
0.58654135
0.67274636
0.79617983
0.82714254
0.7518835
0.7157739
0.77574885
0.5808199
0.59348935
0.64679074
0.63461304
0.63359255
0.61348385
0.66289514
0.59720784
0.6241217
0.70744216
0.6705807
0.7203972
0.80921
0.74519426
0.70208305
0.60126084
0.689529
0.7423129
0.73025763
0.69463956
0.6775079
0.6557112
0.6425021
0.64168227
0.5874531
0.5637384
0.60601723
0.6694353
0.6589779
0.70059896
0.8400649
0.8506816
1.2318418
0.7574517
0.6360652
0.63678706
0.63952684
0.82185924
0.7962207
0.6125391
0.7178469
0.78249025
0.80882597
0.6458083
0.71929353
0.6010131
0.73473483
0.7125564
0.7549664
0.8262002
0.7148784
0.67492634
0.8002972
0.67130387
0.7124698
0.7006687
0.57250065
0.6877643
0.6687409
0.6805885
0.73654133
0.7169969
0.6722414
0.61419916
0.6401685
0.611499
0.6280139
0.5958778
0.6033697
0.63966316
0.6449043
0.6853363
0.61720276
0.63273495
0.6240641
0.7579301
0.6994634
0.8627295
0.88575953
0.69258285
0.66311055
0.58565146
0.5942447
0.6278917
0.79214597
0.7243504
0.7444577
0.64105123
0.63703895
0.71749496
0.67275923
0.75410384
0.78577197
0.91153634
0.77310634
0.64993536
0.7387923
0.83226407
0.92262524
0.8194634
0.80733687
0.78386337
0.66160214
0.737821
0.7578224
0.6449326
0.6612881
0.6439072
0.63725865
0.62998843
0.7061277
0.73170215
0.6567821
0.72166705
0.6158228
0.63896525
0.63234794
0.7101125
0.7219349
0.7251728
0.7315853
0.64093125
0.6470964
0.6481316
0.7239254
0.76083523
0.69912595
0.9037415
0.71795243
0.7236432
0.6308095
0.6708188
0.6929554
0.66629773
0.66618
0.6960741
0.6486081
0.6710912
0.6089733
0.72454643
0.8156832
0.8479818
0.7581637
0.80321807
0.82365286
0.86463845
0.761907
0.73787594
0.6761593
0.71970886
0.6783089
0.6708283
0.6831197
0.6598542
0.6549618
0.7032301
0.7590032
0.71347547
0.79737
0.78036654
0.7921442
0.72592014
0.69975793
0.70023125
0.6866745
0.66074216
0.6759227
0.6732856
0.7400197
0.67671454
0.67645186
0.65769225
0.60171586
0.6819138
0.67042094
0.697716
0.75627255
0.6963143
0.71528465
0.7318764
0.6887229
0.6943487
0.6793627
0.697348
0.7799199
0.78227985
0.7819199
0.729819
0.6980798
0.76335865
0.848793
0.8712812
0.73932874
0.7520979
0.8109078
0.72506917
0.64868027
0.67061245
0.65888184
0.7468685
0.7257523
0.8720482
0.8005315
0.8164135
0.79513425
0.79435456
0.8238766
0.8521325
1.1749275
0.624784
0.773606
0.9805551
0.82708323
0.8541224
0.82111675
0.76820904
0.78771657
0.9714473
0.8855021
0.7815954
0.77473533
0.7770308
0.8017546
0.75773376
0.76193696
0.7308545
0.7711697
0.6620869
0.647713
0.6785677
0.7369887
0.7720701
0.6997693
0.79979193
0.8365134
1.0433627
0.85670865
0.92857546
1.0666088
0.76214784
0.83662647
0.67131674
0.67526954
0.686222
0.65055263
0.6520804
0.68297726
0.7117366
0.7337843
0.7199599
0.87142724
0.79263645
0.7300728
0.691199
0.65180296
0.6823981
0.7324053
0.7453444
0.7296563
0.7637438
0.76623154
0.7467319
0.7533865
0.7440644
0.8039102
0.7917988
0.7448717
0.7423159
0.7114472
0.7245067
0.76001775
0.7052696
0.7453348
0.74294114
0.8158251
0.78061026
0.7517613
0.7422435
0.7763737
0.7315888
0.7412677
0.77613586
0.8141542
0.75212103
0.8357622
0.84344614
0.85579306
0.7843258
0.78180146
0.8265511
0.95482224
0.8539526
0.77171195
0.7852089
0.7534243
0.78164953
0.81717426
0.7961795
0.8580544
0.8191177
0.8958954
0.83610296
0.76422405
0.79863614
0.8227328
0.83229667
0.8019193
0.7924021
0.8393407
0.7355881
0.79600865
0.8004231
0.7714937
0.77119786
0.8070981
0.7898245
0.75029296
0.7497531
0.7653347
0.77219325
0.80023545
0.8675957
0.8981561
0.7978797
0.8042191
0.89063644
0.8284
0.87681013
0.8859357
0.84425974
0.8363359
0.87412846
0.8182838
0.9595907
1.0187546
0.93976444
1.1344346
0.94045544
0.892636
1.0468509
0.9887177
0.9015732
1.187793
0.86929345
0.8120025
0.79075897
0.81506914
0.78459233
0.75049454
0.798714
0.80026263
0.7860084
0.7495691
0.7838159
0.7882937
0.80196226
0.82941204
0.775445
0.8444024
0.81893444
0.7932731
0.82526994
0.7917007
0.8096456
0.8517903
0.82105315
0.9277322
0.8497252
0.8851077
0.8451514
0.8517001
0.8976822
0.8915777
0.81934804
0.80463845
0.79653203
0.841435
0.7878342
0.72173125
0.77947545
0.83049285
0.793473
0.79035515
0.80371755
0.77847743
0.80135274
0.7553216
0.75912255
0.81035113
0.8372324
0.8050963
0.88677776
0.86136866
0.8570049
0.86651826
0.8628576
0.86947215
0.95098376
0.8657957
0.8181243
0.8532471
0.8120743
0.8671692
0.812537
0.86891246
0.8154416
0.8823613
0.8238438
0.8378428
0.78620106
0.80268764
0.73039174
0.791419
0.78209484
0.84368634
0.8794605
0.8824041
0.80415773
0.88581276
0.7663858
0.8458992
0.7859942
0.77768284
0.79106975
0.8971196
0.8166511
0.8276574
0.80850506
0.7975316
0.8380787
0.84342366
0.9196119
0.9376331
0.8468677
1.0340533
0.86625826
0.84713674
0.7932134
0.8091629
0.9042569
0.8700088
0.8783377
0.8152121
0.82219344
0.81990194
0.84001195
0.9649109
0.8428717
0.8107388
0.7684176
0.8428366
0.8115192
0.8136336
0.7997964
0.8277208
0.84335846
0.7901437
0.8655832
0.9172157
0.8598184
0.7794966
0.7341672
0.75267607
0.76182103
0.7446522
0.93059397
0.88710314
0.81340224
0.84480906
0.73522156
0.736964
0.7400249
0.76051754
0.73221326
0.75875986
0.79977065
0.78425586
0.819579
0.89387566
0.84160715
0.8934873
0.9051753
0.81565934
0.82273436
0.8820018
0.7528252
0.7236474
0.7145159
0.73582006
0.758445
0.76409703
0.7415719
0.7476163
0.8041573
0.79545707
0.8701924
0.7851929
0.7820209
0.74884766
0.7664545
0.8054044
0.7788133
0.79456717
0.8157484
0.8274431
0.90387106
0.8108399
0.81062347
0.8175321
0.80811423
0.78332895
0.7975237
0.8393419
0.75800043
0.76508677
0.82709134
0.81904596
0.8389076
0.84450984
0.83095014
0.78662604
0.8411416
0.8716841
0.94353634
0.96127987
1.006238
0.92275953
0.95423734
0.8851974
0.89794886
0.87022984
0.92068857
0.92169887
0.8352246
0.86163527
0.94667906
0.84601134
0.8675385
0.8799721
0.8098448
0.7484394
0.795069
0.84288603
0.8703815
0.8439967
0.84044
0.9395123
0.8437835
0.851202
0.84816337
0.81205493
0.8175684
0.82937676
0.8759694
0.9353988
0.7992969
0.8879922
0.84344345
0.8164849
0.81300163
0.80411536
0.8147023
0.79692525
0.8520108
0.8217482
0.7835945
0.8425005
0.85456276
0.84521437
0.77538955
0.79901963
0.83898884
0.85755485
0.79853404
0.8304149
0.87645406
0.9392761
0.8615113
0.86896557
0.8928973
0.9196768
0.8166419
0.8707001
0.89113826
0.9464218
0.8239298
0.97968185
0.98487806
0.91246533
0.8407738
0.8256022
0.8345513
0.85803014
0.8410291
0.9186534
0.9219589
0.8295058
0.93407667
0.91463494
0.8792143
0.73170847
0.79222935
0.7607241
0.78776926
0.7841979
0.8283045
0.79244506
0.76325005
0.78990984
0.7876199
0.82086504
0.76381296
0.77831286
0.719546
0.75532615
0.7715141
0.74652773
0.79037493
0.7992579
0.8434383
0.8274398
1.0316128
0.78896
0.7477883
0.7459279
0.74052453
0.77635163
0.8242834
0.9455396
0.8654645
0.73582333
0.78146166
0.79901224
1.1427228
0.900634
0.8304137
0.7417107
0.7444372
0.6776472
0.7291659
0.6762307
0.6310202
0.67797786
0.65104276
0.69963276
0.71662945
0.6876961
0.67458093
0.7294852
0.67701447
0.6823095
0.6116091
0.64598244
0.6814462
0.62427986
0.66571766
0.70516807
0.7332379
0.6609801
0.65412766
0.68485284
0.69373226
0.8129659
0.7352655
0.72280765
0.7249354
0.67245775
0.69125503
0.67556673
0.73518836
0.6889558
0.8028169
0.862997
0.8572452
0.7516502
0.74075276
0.82119215
0.9492077
0.89695424
0.7433622
0.71217585
0.79831505
0.9215627
0.8055492
0.72781503
0.7418888
0.7730234
0.7980312
0.7562707
0.89212483
0.77274173
0.7408116
0.70170957
0.62625384
0.6538861
0.7718603
0.7286641
0.7366707
0.8057284
0.69520825
0.8898987
0.74289113
0.90818286
0.82506216
0.6561461
0.7775206
0.9269949
0.8809076
0.7597075
0.67432094
0.6464452
0.8253043
1.0069788
0.7180156
0.76900554
1.0374588
0.7190033
0.8230683
1.1605842
0.8613548
1.185647
0.64509946
0.6862179
0.7918921
0.8252597
0.766157
0.70560783
0.791222
0.8357431
0.61904013
0.72347426
0.6075745
0.6946013
0.5987082
0.6261743
0.62968963
0.66519725
0.8315542
0.93729997
0.78903973
0.81138265
0.7769473
0.58772373
0.58014584
0.65366435
0.742524
0.6652354
0.80821025
0.994713
0.8931658
0.6251601
0.8827792
1.0529202
1.1866752
1.4912567
0.91496146
0.6417473
0.73373914
0.62341875
0.62784976
0.5794838
0.64106774
0.65833277
0.60706514
0.6221181
0.65919465
0.85916656
0.72516686
0.7403052
0.63189274
0.72888875
0.643526
0.68540317
0.65340644
0.61069196
0.5965622
0.6282656
0.77685076
0.750188
0.60798746
0.61472243
0.67252964
0.60797143
0.69670874
0.8937855
0.70419693
1.1086662
0.5827862
0.7261449
0.634214
0.6590649
0.58475393
0.700125
0.8179116
0
0
0
0
0
0
0
0.3086187
0.73413986
0.70948595
0.70506
0.58722365
0.78411794
0.62645787
0.65020275
0.72304547
0.8591043
0.6969697
0.9921918
0.7654095
0.602486
0.6009193
0.7834118
0.44590405
0.55500096
0.7160567
3.9405704
2.1698945
2.719415
1.4404799
0.49457467
0.77858055
0.62087804
0.6143684
0.9320473
0.57786816
0.5059394
0.5167794
0.70429724
0.4274368
0.5995346
0.48671123
0.5748095
0.5163891
0.74503064
0.45166937
0.44334564
0.45838836
0.5681001
0.63032556
0.587286
0.62790275
0.5593727
0.66035545
0.70419234
0.58881676
0.72687805
0.6650151
0.81561536
0.58580625
0.6207446
0.65049213
0.48621714
0.47160977
0.72174907
0.56760836
0.57390183
0.5349439
0.66557896
1.1651142
2.764818
0.6313689
0.51306075
0.62508583
0.55696785
0.5807329
0.5099895
0.6722016
0.9276724
0.57969254
0.555325
0.6093853
0.8302467
0.6683487
0.6013783
0.61194164
0.4810388
0.55575943
0.582271
0.59113735
0.6447537
0.7264853
0.79295516
1.309829
1.4134939
2.880537
2.3594005
0.935306
1.2023044
1.1379873
0.7017237
0.5931469
0.5004016
0.49777904
0.5151852
0.57281506
0.5295242
0.49966574
0.5647241
0.9666258
0.5751437
0.7074742
0.66899246
0.59113836
0.6426747
0.68087125
1.1188656
0.7592779
0.8652746
2.9206603
0.9462045
0.93789184
0.7401461
0.5945252
0.69723415
0.604163
0.7930438
0.7005113
0.81352955
0.7317368
0.8217138
0.6476084
0.63593996
0.6013506
0.5894122
0.58955175
0.6503345
0.56535083
0.5767579
0.587024
0.6105642
0.61914235
0.7549738
0.5685964
0.5590673
0.6927742
0.6692504
0.7786043
0.57755923
0.62784535
0.7196618
0.5669733
0.6833261
0.8126091
0.6545531
0.6717652
0.5834037
0.64421725
0.58026993
0.652625
0.70204973
0.6327354
0.6106729
0.6089915
0.61175334
0.58268905
0.72725093
0.77415365
0.74856025
0.5813255
0.5416535
0.6215917
0.5412829
0.5702344
0.592821
0.633482
0.61397094
0.57849866
0.60709655
0.73133475
0.70141476
0.7938827
0.6710488
0.90651315
0.7283081
0.65680933
0.6416154
0.6247028
0.7107085
0.70314765
0.6407533
0.5853705
0.61671394
0.5601392
0.5939222
0.60546225
0.6224326
0.6261414
0.51943874
0.58654135
0.67274636
0.79617983
0.82714254
0.7518835
0.7157739
0.77574885
0.5808199
0.59348935
0.64679074
0.63461304
0.63359255
0.61348385
0.66289514
0.59720784
0.6241217
0.70744216
0.6705807
0.7203972
0.80921
0.74519426
0.70208305
0.60126084
0.689529
0.7423129
0.73025763
0.69463956
0.6775079
0.6557112
0.6425021
0.64168227
0.5874531
0.5637384
0.60601723
0.6694353
0.6589779
0.70059896
0.8400649
0.8506816
1.2318418
0.7574517
0.6360652
0.63678706
0.63952684
0.82185924
0.7962207
0.6125391
0.7178469
0.78249025
0.80882597
0.6458083
0.71929353
0.6010131
0.73473483
0.7125564
0.7549664
0.8262002
0.7148784
0.67492634
0.8002972
0.67130387
0.7124698
0.7006687
0.57250065
0.6877643
0.6687409
0.6805885
0.73654133
0.7169969
0.6722414
0.61419916
0.6401685
0.611499
0.6280139
0.5958778
0.6033697
0.63966316
0.6449043
0.6853363
0.61720276
0.63273495
0.6240641
0.7579301
0.6994634
0.8627295
0.88575953
0.69258285
0.66311055
0.58565146
0.5942447
0.6278917
0.79214597
0.7243504
0.7444577
0.64105123
0.63703895
0.71749496
0.67275923
0.75410384
0.78577197
0.91153634
0.77310634
0.64993536
0.7387923
0.83226407
0.92262524
0.8194634
0.80733687
0.78386337
0.66160214
0.737821
0.7578224
0.6449326
0.6612881
0.6439072
0.63725865
0.62998843
0.7061277
0.73170215
0.6567821
0.72166705
0.6158228
0.63896525
0.63234794
0.7101125
0.7219349
0.7251728
0.7315853
0.64093125
0.6470964
0.6481316
0.7239254
0.76083523
0.69912595
0.9037415
0.71795243
0.7236432
0.6308095
0.6708188
0.6929554
0.66629773
0.66618
0.6960741
0.6486081
0.6710912
0.6089733
0.72454643
0.8156832
0.8479818
0.7581637
0.80321807
0.82365286
0.86463845
0.761907
0.73787594
0.6761593
0.71970886
0.6783089
0.6708283
0.6831197
0.6598542
0.6549618
0.7032301
0.7590032
0.71347547
0.79737
0.78036654
0.7921442
0.72592014
0.69975793
0.70023125
0.6866745
0.66074216
0.6759227
0.6732856
0.7400197
0.67671454
0.67645186
0.65769225
0.60171586
0.6819138
0.67042094
0.697716
0.75627255
0.6963143
0.71528465
0.7318764
0.6887229
0.6943487
0.6793627
0.697348
0.7799199
0.78227985
0.7819199
0.729819
0.6980798
0.76335865
0.848793
0.8712812
0.73932874
0.7520979
0.8109078
0.72506917
0.64868027
0.67061245
0.65888184
0.7468685
0.7257523
0.8720482
0.8005315
0.8164135
0.79513425
0.79435456
0.8238766
0.8521325
1.1749275
0.624784
0.773606
0.9805551
0.82708323
0.8541224
0.82111675
0.76820904
0.78771657
0.9714473
0.8855021
0.7815954
0.77473533
0.7770308
0.8017546
0.75773376
0.76193696
0.7308545
0.7711697
0.6620869
0.647713
0.6785677
0.7369887
0.7720701
0.6997693
0.79979193
0.8365134
1.0433627
0.85670865
0.92857546
1.0666088
0.76214784
0.83662647
0.67131674
0.67526954
0.686222
0.65055263
0.6520804
0.68297726
0.7117366
0.7337843
0.7199599
0.87142724
0.79263645
0.7300728
0.691199
0.65180296
0.6823981
0.7324053
0.7453444
0.7296563
0.7637438
0.76623154
0.7467319
0.7533865
0.7440644
0.8039102
0.7917988
0.7448717
0.7423159
0.7114472
0.7245067
0.76001775
0.7052696
0.7453348
0.74294114
0.8158251
0.78061026
0.7517613
0.7422435
0.7763737
0.7315888
0.7412677
0.77613586
0.8141542
0.75212103
0.8357622
0.84344614
0.85579306
0.7843258
0.78180146
0.8265511
0.95482224
0.8539526
0.77171195
0.7852089
0.7534243
0.78164953
0.81717426
0.7961795
0.8580544
0.8191177
0.8958954
0.83610296
0.76422405
0.79863614
0.8227328
0.83229667
0.8019193
0.7924021
0.8393407
0.7355881
0.79600865
0.8004231
0.7714937
0.77119786
0.8070981
0.7898245
0.75029296
0.7497531
0.7653347
0.77219325
0.80023545
0.8675957
0.8981561
0.7978797
0.8042191
0.89063644
0.8284
0.87681013
0.8859357
0.84425974
0.8363359
0.87412846
0.8182838
0.9595907
1.0187546
0.93976444
1.1344346
0.94045544
0.892636
1.0468509
0.9887177
0.9015732
1.187793
0.86929345
0.8120025
0.79075897
0.81506914
0.78459233
0.75049454
0.798714
0.80026263
0.7860084
0.7495691
0.7838159
0.7882937
0.80196226
0.82941204
0.775445
0.8444024
0.81893444
0.7932731
0.82526994
0.7917007
0.8096456
0.8517903
0.82105315
0.9277322
0.8497252
0.8851077
0.8451514
0.8517001
0.8976822
0.8915777
0.81934804
0.80463845
0.79653203
0.841435
0.7878342
0.72173125
0.77947545
0.83049285
0.793473
0.79035515
0.80371755
0.77847743
0.80135274
0.7553216
0.75912255
0.81035113
0.8372324
0.8050963
0.88677776
0.86136866
0.8570049
0.86651826
0.8628576
0.86947215
0.9509828
0.8657957
0.8181243
0.8532471
0.8120743
0.8671692
0.812537
0.86891246
0.8154416
0.8823613
0.8238438
0.8378428
0.78620106
0.80268764
0.73039174
0.791419
0.78209484
0.84368634
0.8794605
0.8824041
0.80415773
0.88581276
0.7663858
0.8458992
0.7859942
0.77768284
0.79106975
0.8971196
0.8166511
0.8276574
0.80850506
0.7975316
0.8380787
0.84342366
0.9196119
0.9376331
0.8468677
1.0340533
0.86625826
0.8471371
0.7932134
0.8091629
0.9042569
0.86997646
0.8783377
0.8151663
0.82219344
0.81990194
0.84001195
0.9649109
0.8428717
0.8107388
0.7684176
0.8428366
0.8115192
0.8136336
0.7997964
0.8277208
0.84335846
0.7901437
0.8655832
0.9172157
0.8598184
0.7794966
0.7341672
0.75267607
0.76182103
0.7446522
0.93059397
0.88710314
0.81340224
0.84480906
0.73522156
0.736964
0.7400249
0.76051754
0.73221326
0.75875986
0.79977065
0.78425586
0.819579
0.89387566
0.84160715
0.8934873
0.9051753
0.81565934
0.82273436
0.8820018
0.7528252
0.7236474
0.7145159
0.73582006
0.758445
0.76409703
0.7415719
0.7476163
0.8041573
0.79545707
0.8701924
0.7851929
0.7820209
0.74884766
0.7664545
0.8054044
0.7788133
0.79456717
0.8157484
0.8274431
0.90387106
0.8108399
0.81062347
0.8175321
0.80811423
0.78332895
0.7975237
0.8393419
0.75800043
0.76508677
0.82709134
0.81904596
0.8389076
0.84450984
0.83095014
0.78662604
0.8411416
0.8716841
0.94353634
0.96127987
1.006238
0.92275953
0.95423734
0.8851974
0.89794886
0.87022984
0.92068857
0.92169887
0.8352246
0.86163527
0.94765645
0.84601134
0.8675385
0.8799721
0.8098448
0.7484394
0.795069
0.84288603
0.8703815
0.8439967
0.84044
0.9395123
0.8437835
0.851202
0.84816337
0.81205493
0.8175684
0.82937676
0.8759694
0.9353988
0.7992969
0.8879922
0.84344345
0.8164849
0.81300163
0.80411536
0.8147023
0.79692525
0.8520108
0.8217482
0.7835945
0.8425005
0.85456276
0.84521437
0.77538955
0.79901963
0.83898884
0.85755485
0.79853404
0.8304149
0.87645406
0.9392761
0.8615113
0.86896557
0.8928973
0.9196768
0.8166419
0.8707001
0.89113826
0.9464218
0.8239298
0.97968185
0.98487806
0.91246533
0.8407738
0.8256022
0.8345513
0.85803014
0.8410291
0.9186534
0.9219589
0.8295058
0.93407667
0.91463494
0.8792143
0.73170847
0.79222935
0.7607241
0.78776926
0.7841979
0.8283045
0.79244506
0.76325005
0.78990984
0.7876199
0.82086504
0.76381296
0.77831286
0.719546
0.75532615
0.7715141
0.74652773
0.79037493
0.7992579
0.8434383
0.8274398
1.0316128
0.78896
0.7477883
0.7459279
0.74052453
0.77635163
0.8242834
0.9455396
0.8654645
0.73582333
0.78146166
0.79901224
1.1427228
0.900634
0.8304137
0.7417107
0.7444372
0.6776472
0.72913575
0.6762307
0.6310202
0.67797786
0.65104276
0.69963276
0.71662945
0.6876961
0.67458093
0.7294852
0.67701447
0.6823095
0.6116091
0.64598244
0.6814462
0.62427986
0.66571766
0.70516807
0.7332379
0.6609801
0.65412766
0.68485284
0.69373226
0.8129659
0.7352655
0.72280765
0.7249354
0.67245775
0.69125503
0.67556673
0.73518836
0.6889558
0.8028169
0.862997
0.8572452
0.7516502
0.74075276
0.82119215
0.9492077
0.89695424
0.7433622
0.71217585
0.79831505
0.9215627
0.8055492
0.72781503
0.7418888
0.7730234
0.7980312
0.7562707
0.89212483
0.77274173
0.7408116
0.70170957
0.62625384
0.6538861
0.7718603
0.7286641
0.7366707
0.8057284
0.69520825
0.8898987
0.74289113
0.90818286
0.82506216
0.6561461
0.7775206
0.9269949
0.8809076
0.7597075
0.67432094
0.6464452
0.8253043
1.0069788
0.7180156
0.76900554
1.0374588
0.7190033
0.8230683
1.1605842
0.8613548
1.185647
0.64509946
0.6862179
0.7918921
0.8252597
0.766157
0.70560783
0.791222
0.8357431
0.61904013
0.72347426
0.6075745
0.6946013
0.5987082
0.6261743
0.62968963
0.66519725
0.8315542
0.93729997
0.78903973
0.81138265
0.7769473
0.58772373
0.58014584
0.65366435
0.742524
0.6652354
0.80821025
0.994713
0.8931658
0.6251601
0.8827792
1.0529202
1.1866752
1.4912567
0.91496146
0.6417473
0.73373914
0.62341875
0.62784976
0.5794838
0.64106774
0.65833277
0.60706514
0.6221181
0.65919465
0.85916656
0.72516686
0.7403052
0.63189274
0.72888875
0.643526
0.68540317
0.65340644
0.61069196
0.5965622
0.6282656
0.77685076
0.750188
0.60798746
0.61472243
0.67252964
0.60797143
0.69670874
0.8937855
0.70419693
1.1086662
0.5827862
0.7261449
0.634214
0.6590649
0.58475393
0.700125
0.8179116
0
0
0
0
0
0
0
0.3086187
0.73413986
0.70948595
0.70506
0.58722365
0.78411794
0.62645787
0.65020275
0.72304547
0.8591043
0.6969697
0.9921918
0.7654095
0.602486
0.6009193
0.7834118
0.44590405
0.55500096
0.7160567
3.9405704
2.1698945
2.719415
1.4404799
0.49457467
0.77858055
0.62087804
0.6143684
0.9320473
0.57786816
0.5059394
0.5167794
0.70429724
0.4274368
0.5995346
0.48671123
0.5748095
0.5163891
0.74503064
0.45166937
0.44334564
0.45838836
0.5681001
0.63032556
0.587286
0.62790275
0.5593727
0.66035545
0.70419234
0.58881676
0.72687805
0.6650151
0.81561536
0.58580625
0.6207446
0.65049213
0.48621714
0.47160977
0.72174907
0.56760836
0.57390183
0.5349439
0.66557896
1.1651142
2.764818
0.6313689
0.51306075
0.62508583
0.55696785
0.5807329
0.5099895
0.6722016
0.9276724
0.57969254
0.555325
0.6093853
0.8302467
0.6683487
0.6013783
0.61194164
0.4810388
0.55575943
0.582271
0.59113735
0.6447537
0.7264853
0.79295516
1.309829
1.4134939
2.880537
2.3594005
0.935306
1.2023044
1.1379873
0.7017237
0.5931469
0.5004016
0.49777904
0.5151852
0.57281506
0.5295242
0.49966574
0.5647241
0.9666258
0.5751437
0.7074742
0.66899246
0.59113836
0.6426747
0.68087125
1.1188656
0.7592779
0.8652746
2.9206603
0.9462045
0.93789184
0.7401461
0.5945252
0.69723415
0.604163
0.7930438
0.7005113
0.81352955
0.7317368
0.8217138
0.6476084
0.63593996
0.6013506
0.5894122
0.58955175
0.6503345
0.56535083
0.5767579
0.587024
0.6105642
0.61914235
0.7549738
0.5685964
0.5590673
0.6927742
0.6692504
0.7786043
0.57755923
0.62784535
0.7196618
0.5669733
0.6833261
0.8126091
0.6545531
0.6717652
0.5834037
0.64421725
0.58026993
0.652625
0.70204973
0.6327354
0.6106729
0.6089915
0.61175334
0.58268905
0.72725093
0.77415365
0.74856025
0.5813255
0.5416535
0.6215917
0.5412829
0.5702344
0.592821
0.633482
0.61397094
0.57849866
0.60709655
0.73133475
0.70141476
0.7938827
0.6710488
0.90651315
0.7283081
0.65680933
0.6416154
0.6247028
0.7107085
0.70314765
0.6407533
0.5853705
0.61671394
0.5601392
0.5939222
0.60546225
0.6224326
0.6261414
0.51943874
0.58654135
0.67274636
0.79617983
0.82714254
0.7518835
0.7157739
0.77574885
0.5808199
0.59348935
0.64679074
0.63461304
0.63359255
0.61348385
0.66289514
0.59720784
0.6241217
0.70744216
0.6705807
0.7203972
0.80921
0.74519426
0.70208305
0.60126084
0.689529
0.7423129
0.73025763
0.69463956
0.6775079
0.6557112
0.6425021
0.64168227
0.5874531
0.5637384
0.60601723
0.6694353
0.6589779
0.70059896
0.8400649
0.8506816
1.2318418
0.7574517
0.6360652
0.63678706
0.63952684
0.82185924
0.7962207
0.6125391
0.7178469
0.78249025
0.80882597
0.6458083
0.71929353
0.6010131
0.73473483
0.7125564
0.7549664
0.8262002
0.7148784
0.67492634
0.8002972
0.67130387
0.7124698
0.7006687
0.57250065
0.6877643
0.6687409
0.6805885
0.73654133
0.7169969
0.6722414
0.61419916
0.6401685
0.611499
0.6280139
0.5958778
0.6033697
0.63966316
0.6449043
0.6853363
0.61720276
0.63273495
0.6240641
0.7579301
0.6994634
0.8627295
0.88575953
0.69258285
0.66311055
0.58565146
0.5942447
0.6278917
0.79214597
0.7243504
0.7444577
0.64105123
0.63703895
0.71749496
0.67275923
0.75410384
0.78577197
0.91153634
0.77310634
0.64993536
0.7387923
0.83226407
0.92262524
0.8194634
0.80733687
0.78386337
0.66160214
0.737821
0.7578224
0.6449326
0.6612881
0.6439072
0.63725865
0.62998843
0.7061277
0.73170215
0.6567821
0.72166705
0.6158228
0.63896525
0.63234794
0.7101125
0.7219349
0.7251728
0.7315853
0.64093125
0.6470964
0.6481316
0.7239254
0.76083523
0.69912595
0.9037415
0.71795243
0.7236432
0.6308095
0.6708188
0.6929554
0.66629773
0.66618
0.6960741
0.6486081
0.6710912
0.6089733
0.72454643
0.8156832
0.8479818
0.7581637
0.80321807
0.82365286
0.86463845
0.761907
0.73787594
0.6761593
0.71970886
0.6783089
0.6708283
0.6831197
0.6598542
0.6549618
0.7032301
0.7590032
0.71347547
0.79737
0.78036654
0.7921442
0.72592014
0.69975793
0.70023125
0.6866745
0.66074216
0.6759227
0.6732856
0.7400197
0.67671454
0.67645186
0.65769225
0.60171586
0.6819138
0.67042094
0.697716
0.75627255
0.6963143
0.71528465
0.7318764
0.6887229
0.6943487
0.6793627
0.697348
0.7799199
0.78227985
0.7819199
0.729819
0.6980798
0.76335865
0.848793
0.8712812
0.73932874
0.7520979
0.8109078
0.72506917
0.64868027
0.67061245
0.65888184
0.7468685
0.7257523
0.8720482
0.8005315
0.8164135
0.79513425
0.79435456
0.8238766
0.8521325
1.1749275
0.624784
0.773606
0.9805551
0.82708323
0.8541224
0.82111675
0.76820904
0.78771657
0.9714473
0.8855021
0.7815954
0.77473533
0.7770308
0.8017546
0.75773376
0.76193696
0.7308545
0.7711697
0.6620869
0.647713
0.6785677
0.7369887
0.7720701
0.6997693
0.79979193
0.8365134
1.0433627
0.85670865
0.92857546
1.0666088
0.76214784
0.83662647
0.67131674
0.67526954
0.686222
0.65055263
0.6520804
0.68297726
0.7117366
0.7337843
0.7199599
0.87142724
0.79263645
0.7300728
0.691199
0.65180296
0.6823981
0.7324053
0.7453444
0.7296563
0.7637438
0.76623154
0.7467319
0.7533865
0.7440644
0.8039102
0.7917988
0.7448717
0.7423159
0.7114472
0.7245067
0.76001775
0.7052696
0.7453348
0.74294114
0.8158251
0.78061026
0.7517613
0.7422435
0.7763737
0.7315888
0.7412677
0.77613586
0.8141542
0.75212103
0.8357622
0.84344614
0.85579306
0.7843258
0.78180146
0.8265511
0.95482224
0.8539526
0.77171195
0.7852089
0.7534243
0.78164953
0.81717426
0.7961795
0.8580544
0.8191177
0.8958954
0.83610296
0.76422405
0.79863614
0.8227328
0.83229667
0.8019193
0.7924021
0.8393407
0.7355881
0.79600865
0.8004231
0.7714937
0.77119786
0.8070981
0.7898245
0.75029296
0.7497531
0.7653347
0.77219325
0.80023545
0.8675957
0.8981561
0.7978797
0.8042191
0.89063644
0.8284
0.87681013
0.8859357
0.84425974
0.8363359
0.87412846
0.8182838
0.9595907
1.0187546
0.93976444
1.1344346
0.94045544
0.892636
1.0468509
0.9887177
0.9015732
1.187793
0.86929345
0.8120025
0.79075897
0.81506914
0.78459233
0.75049454
0.798714
0.80026263
0.7860084
0.7495691
0.7838159
0.7882937
0.80196226
0.82941204
0.775445
0.8444024
0.81893444
0.7932731
0.82526994
0.7917007
0.8096456
0.8517903
0.82105315
0.9277322
0.8497252
0.8851077
0.8451514
0.8517001
0.8976822
0.8915777
0.81934804
0.80463845
0.79653203
0.841435
0.7878342
0.72173125
0.77947545
0.83049285
0.793473
0.79035515
0.80371755
0.77847743
0.80135274
0.7553216
0.75912255
0.81035113
0.8372324
0.8050963
0.88677776
0.86136866
0.8570049
0.86651826
0.8628576
0.86947215
0.9509828
0.8657957
0.8181243
0.8532471
0.8120743
0.8671692
0.812537
0.86891246
0.8154416
0.8823613
0.8238438
0.8378428
0.78620106
0.80268764
0.73039174
0.791419
0.78209484
0.84368634
0.8794605
0.8824041
0.80415773
0.88581276
0.7663858
0.8458992
0.7859942
0.77768284
0.79106975
0.8971196
0.8166534
0.8276574
0.80850506
0.7975316
0.8380787
0.84342366
0.9196119
0.9376331
0.8468677
1.0340533
0.8663772
0.84713674
0.7951005
0.8091629
0.9042569
0.8702192
0.8783377
0.81518143
0.82219344
0.81990194
0.84001195
0.96511483
0.8428717
0.8107388
0.7684176
0.8428366
0.8115192
0.8136336
0.7997964
0.8277208
0.84335846
0.7901437
0.8655832
0.9172157
0.8598184
0.7794966
0.7341672
0.75267607
0.76182103
0.7446522
0.93059397
0.88710314
0.81340224
0.84480906
0.73522156
0.736964
0.7400249
0.76051754
0.73221326
0.75875986
0.79977065
0.78425586
0.819579
0.89387566
0.84160715
0.8934873
0.9051753
0.81565934
0.82273436
0.88236755
0.7528252
0.7236474
0.7145159
0.73582006
0.758445
0.76409703
0.7415719
0.7476163
0.8041573
0.79545707
0.8701924
0.7851929
0.7820209
0.74884766
0.7664545
0.8054044
0.7788133
0.79456717
0.8157484
0.8274431
0.90387106
0.8108399
0.81062347
0.8175321
0.80811423
0.78332895
0.7975237
0.8393419
0.75800043
0.76508677
0.82709134
0.81904596
0.8389076
0.84450984
0.83095014
0.78662604
0.8411416
0.8716841
0.94353634
0.96127987
1.006238
0.92275953
0.95423734
0.8851974
0.89794886
0.87022984
0.92068857
0.92169887
0.8352246
0.86163527
0.94667906
0.84601134
0.8675385
0.8799721
0.8098448
0.7484394
0.795069
0.84288603
0.8703815
0.8439967
0.84044
0.9395123
0.8437835
0.851202
0.84816337
0.81205493
0.8175684
0.82937676
0.8759694
0.9353988
0.7992969
0.8879922
0.84344345
0.8164849
0.81300163
0.80411536
0.8147023
0.79692525
0.8520108
0.8217482
0.7835945
0.8425005
0.85456276
0.84521437
0.77538955
0.79901963
0.83898884
0.85755485
0.79853404
0.8304149
0.87645406
0.9392761
0.8615113
0.86896557
0.8928973
0.9196768
0.8166419
0.8707001
0.89113826
0.9464218
0.8239298
0.97968185
0.98487806
0.91246533
0.8407738
0.8256022
0.8345513
0.85803014
0.8410291
0.9186534
0.9219589
0.8295058
0.93407667
0.91463494
0.8792143
0.73170847
0.79222935
0.7607241
0.78776926
0.7841979
0.8283045
0.79244506
0.76325005
0.78990984
0.7876199
0.82086504
0.76381296
0.77831286
0.719546
0.75532615
0.7715141
0.74652773
0.79037493
0.7992579
0.8434383
0.8274398
1.0316128
0.78896
0.7477883
0.7459279
0.74052453
0.77635163
0.8242834
0.9455396
0.8654645
0.73582333
0.78146166
0.79901224
1.1427228
0.900634
0.8304137
0.7417107
0.7444372
0.6776472
0.72913575
0.6762307
0.6310202
0.67797786
0.65104276
0.69963276
0.71662945
0.6876961
0.67458093
0.7294852
0.67701447
0.6823095
0.6116091
0.64598244
0.6814462
0.62427986
0.66571766
0.70516807
0.7332379
0.6609801
0.65412766
0.68485284
0.69373226
0.8129659
0.7352655
0.72280765
0.7249354
0.67245775
0.69125503
0.67556673
0.73518836
0.6889558
0.8028169
0.862997
0.8572452
0.7516502
0.74075276
0.82119215
0.9492077
0.89695424
0.7433622
0.71217585
0.79831505
0.9215627
0.8055492
0.72781503
0.7418888
0.7730234
0.7980312
0.7562707
0.89212483
0.77274173
0.7408116
0.70170957
0.62625384
0.6538861
0.7718603
0.7286641
0.7366707
0.8057284
0.69520825
0.8898987
0.74289113
0.90818286
0.82506216
0.6561461
0.7775206
0.9269949
0.8809076
0.7597075
0.67432094
0.6464452
0.8253043
1.0069788
0.7180156
0.76900554
1.0374588
0.7190033
0.8230683
1.1605842
0.8613548
1.185647
0.64509946
0.6862179
0.7918921
0.8252597
0.766157
0.70560783
0.791222
0.8357431
0.61904013
0.72347426
0.6075745
0.6946013
0.5987082
0.6261743
0.62968963
0.66519725
0.8315542
0.93729997
0.78903973
0.81138265
0.7769473
0.58772373
0.58014584
0.65366435
0.742524
0.6652354
0.80821025
0.994713
0.8931658
0.6251601
0.8827792
1.0529202
1.1866752
1.4912567
0.91496146
0.6417473
0.73373914
0.62341875
0.62784976
0.5794838
0.64106774
0.65833277
0.60706514
0.6221181
0.65919465
0.85916656
0.72516686
0.7403052
0.63189274
0.72888875
0.643526
0.68540317
0.65340644
0.61069196
0.5965622
0.6282656
0.77685076
0.750188
0.60798746
0.61472243
0.67252964
0.60797143
0.69670874
0.8937855
0.70419693
1.1086662
0.5827862
0.7261449
0.634214
0.6590649
0.58475393
0.700125
0.8179116
